29
8022750 52283471 1046 50 Gebäude_67_-_Biologie
8022499 52283050 1195 50 Gebäude_66_-_"Reithalle"
8021133 52283733 498 50 Gebäude_SE
8020771 52283222 498 50 Gebäude_SF
8020772 52286740 498 50 Gebäude_SO
8021449 52285527 498 50 Gebäude_SN
8020912 52284116 498 50 Gebäude_SD
8020910 52284502 498 50 Gebäude_SH
8020580 52286143 498 50 Gebäude_SP
8020640 52285776 498 50 Gabäude_68
8025192 52283724 797 50 Gebäude_31_-_AVZ
8023909 52282610 498 50 Gebäude_AC
8024743 52282857 498 50 Gebäude_AA
8024009 52283238 498 50 Gebäude_AD
8024365 52284631 2490 50 Gebäude_34_-_Institut_für_Chemie_neuer_Materialien
8024065 52284198 498 50 Gebäude_AE
8025405 52286223 1444 50 Studentenwohnheim_Sedanstraße
8022500 52284404 797 50 Mensa_Westerberg
8023874 52282206 498 50 Gebäude_AF
8020800 52284780 498 50 Gebäude_SJ
8020649 52285486 747 50 Gebäude_92_/_SR
8024522 52285124 1892 50 Gebäude_33_-_Feinmechanische_Werkstatt
8022473 52283961 498 50 Gebäude_SI
8020738 52285195 498 50 Gebäude_93
8023711 52286822 797 50 KiTa_König_David
8024017 52283854 199 50 BHKW
8021758 52286657 1096 50 Büro-/_Laborgebäude_SP
8021585 52286217 1096 50 Multifunktionshalle_SQ
8020421 52282809 1096 50 Gebäude_38_-_CellNanOs
