1191
8059974 52272355 1250 50 Taxistand_am_Hauptbahnhof
8042724 52301800 900 50 Kloster_St._Angela
7951038 52292079 750 50 Stephanuskirche
8004254 52312856 600 50 Sonntagscafé
8053993 52296140 1200 50 Albert-Schweitzer-Schule
8058971 52292906 1000 50 Wittekind-Realschule
8007383 52269111 600 50 Bonnuskirche
8019923 52271313 1350 50 Elisabethschule_Grundschule
8031641 52268095 1900 50 Sportzentrum_der_Universität_Osnabrück
8020651 52266780 1200 50 Grundschule_In_der_Wüste
8039873 52272620 1100 50 Universitätsgebäude_22
8036582 52274975 1500 50 Möser-Realschule_am_Westerberg
8052335 52265576 1400 50 Rosenplatzschule_Grundschule
8043526 52268212 550 50 Stadtkirche
8039720 52257582 400 50 St._Pius
8054988 52280058 850 50 Osnabrücker_Tafel
8050355 52270184 1850 50 Drei-Religionen-Schule_Johannisschule
8084950 52274467 950 50 Heinz_Fitschen_Haus
8052452 52272587 1300 50 Polizeiwache_Kollegienwall
8042460 52273839 1100 50 Hauptschule_Innenstadt
8042248 52272275 1100 50 Universitätsgebäude_41
8044511 52272781 1300 50 Haus_am_Ledenhof_Altenheim
8042885 52274722 1200 50 Arbeitsgericht_Osnabrück
8041229 52274255 1300 50 Schule_an_der_Rolandsmauer
8065419 52256755 2550 50 Käthe-Kollwitz-_Haupt-_und_Realschule_(geschlossen)
8063062 52253091 1700 50 Evangelische_Fachschulen_Osnabrück
8024986 52232498 650 50 Apostelkirche
8095815 52293678 800 50 Sankt_Bonifatius
8125851 52273106 600 50 Petruskirche
8124802 52269297 1750 50 Maria_Hilfe_der_Christen_Lüstringen
8093190 52316601 450 50 Bramheide
8042602 52280794 700 50 Vitihof_Garage
8055146 52268722 800 50 Salzmarkt-Garage
8044168 52272680 750 50 Ledenhof-Garage
8037546 52278028 800 50 Stadthaus-Garage
8096972 52254608 950 50 Sparkasse_Osnabrück
8053587 52274561 850 50 Ibrahim_Al-Khalil
8044098 52273664 600 50 Tiefenrausch
8040616 52266725 650 50 Parkhaus_Rink
8042014 52279369 500 50 Sonnendeck
8041581 52279389 450 50 Countdown
8044153 52271799 1100 50 Universitätsgebäude_14
8045521 52273616 550 50 Kamp-Garage
8005952 52265473 150 50 DHL
8047323 52272761 300 50 Subway
8045022 52276029 500 50 McDonald's
8044517 52276240 450 50 Pizza_Hut
8036827 52269333 850 50 MediPark_Apotheke
8047080 52271386 250 50 Balou
8045672 52274325 750 50 Cafe_Extrablatt
8049030 52274125 1100 50 Tiefgarage_Commerzbank
8049664 52278068 400 50 Europcar
8044488 52275603 850 50 Cafe_&_Bar_Celona
8045456 52273806 600 50 Zimmer_Nr._4
8041820 52276305 1850 50 Sparkasse_Osnabrück,_Filiale_Altstadt
8050780 52273712 1850 50 Sparkasse_Osnabrück,_Filiale_Neumarkt
8092877 52290354 200 50 Star
8036933 52275057 1450 50 Altstädter_Schule_Grundschule
8044128 52268537 550 50 Grand_Hotel
8058938 52273396 500 50 Radstation
8045846 52272850 750 50 Café_Mano_Negra
8033930 52284311 500 50 Döner_Ring
8028068 52286613 1650 50 Sparkasse_Osnabrück_Campusfiliale
8031417 52285501 750 50 Bornau-Apotheke
8050871 52274158 650 50 Deutsche_Post
8045453 52272080 1050 50 Taxistand_am_Neumarkt
8036751 52242719 1150 50 Post-Agentur_"E-Center"
8054326 52265695 650 50 ASNA-Apotheke
8048456 52273319 700 50 Bären-Apotheke
8050782 52275041 2150 50 Sparkasse_Osnabrück,_Filiale_Berliner_Platz
8049101 52273147 400 50 Beykebab
8043815 52280904 950 50 Filmtheater_Hasetor
8044878 52274600 850 50 Parkplatz_am_Kamp
8045233 52274149 1700 50 Sparda-Bank_Filiale_Osnabrück_City
8044499 52273708 350 50 Bottled
8048658 52273096 500 50 Kochlöffel
8041604 52277202 1250 50 Stadtbibliothek_Osnabrück
8043840 52280970 800 50 Kinokneipe_8_1/2
8044312 52273661 650 50 Henne_Cafébar
8026989 52286590 1250 50 Oldenburgische_Landesbank
8027340 52289741 200 50 Aral
8022090 52233198 650 50 Luthin_&_Koch
8046745 52267028 750 50 Pizzeria_Princi
8043178 52268007 750 50 Sonnen_Apotheke
7972546 52287224 500 50 Atterheide
7969195 52287424 300 50 Gensch
8024867 52274440 800 50 Pegasus-Apotheke
8023332 52274907 950 50 Westerberg-Apotheke
8037060 52267064 650 50 Rehm-Apotheke
8036788 52280986 1200 50 Cafe_und_Imbiss_Oriental
8036932 52281101 650 50 Olympia_Grill
8021725 52292700 1400 50 Kentucky_Fried_Chicken_(KFC)
8020533 52290449 1000 50 Westfalen_Tankstelle
8036600 52299092 600 50 Imbiss_Athen
8049452 52273595 850 50 Neumarkt-Apotheke
8051992 52269428 2350 50 Volksbank_Osnabrück_-_SB-Filiale_Johannisstraße
8044073 52276165 1800 50 Volksbank_Osnabrück_-_Filiale_Domhof
8078362 52285248 450 50 Volksbank
8037524 52273752 1800 50 B._Ziegler-Grundlach_(Allgemeinarzt)
8040329 52277891 2700 50 Dr._med._Kristina_Löhr,_Frauke_Körner_(Allgemeinärzte)
8045261 52275786 750 50 Hirsch-Apotheke
8046844 52273685 850 50 Volksbank_Am_Kamp
8022041 52274159 1550 50 Sparkasse_OS,_Filiale_Saarplatz
8047110 52274662 1700 50 Sparkasse_OS,_Automat_Große_Straße
8015149 52235811 400 50 Friedhof
8040924 52286577 1150 50 Freie_Tankstelle_Helfer
8076142 52279020 1100 50 Neue_Schützen_Apotheke
7951551 52243621 1050 50 Friedhof_Am_Kirchberg
7954215 52243466 1000 50 Martin-Luther-Straße
7968328 52231759 800 50 Friedhof_Ohrbeck
8045732 52276888 450 50 Dom-Hotel
7995574 52231421 500 50 Sportplatz
8043487 52271773 450 50 Unikeller
8026946 52236344 1000 50 Pizzeria_da_Giuseppe
8040166 52277386 700 50 Figurentheater
8041897 52279995 1750 50 Erstes_unordentliches_Zimmertheater
8045057 52278569 900 50 Diözesanbibliothek
8035384 52282343 500 50 Carpe_Diem
8039026 52276416 350 50 Zwiebel
8039951 52278586 2150 50 1._Osnabrücker_Kartoffelhaus_im_Dominikaner
8041890 52279326 450 50 Sonderbar
8074068 52304136 500 50 Grammophon
8073967 52304111 650 50 Schlemmer_Eck
8073282 52304416 450 50 Jim_Blake
8071061 52303874 600 50 Cafe_Lohmann
8066481 52295400 150 50 TAT
8066549 52295849 1000 50 Gasthaus_Görtemöller
8051531 52276618 650 50 Algarve_Grill
8050331 52276209 450 50 Pizza_Max
8049914 52277714 450 50 Blue_Note
8064652 52293220 1800 50 Gaststätte_Vorderhall_&_Pizzeria_Uno
8065511 52303137 1200 50 Eiscafe_Italia_Boulevard
8042015 52285397 650 50 Kaminstübchen
8038506 52291553 450 50 Jay_Pizza
8036633 52295416 350 50 Ukraine
8036357 52299426 750 50 Taverne_Mykonos
8035694 52299046 450 50 Zur_Linde
8035821 52298893 500 50 Osna_Döner
8034615 52301499 900 50 Gasthaus_Obermeyer
8019719 52309048 700 50 Sportler_Treff
7994988 52308871 950 50 Zur_alten_Eversburg
8056961 52277317 750 50 Toros_Lokantasi
8060764 52279502 800 50 Pizzeria_Vitoria
8061888 52279649 500 50 Bar_Orange
8063244 52280582 450 50 Sportsbar
8064630 52280978 800 50 Bolero_(Bordell)
8067577 52281663 550 50 Amigo_Grill
8074458 52283146 400 50 El_Greco
8078644 52285373 1300 50 Phi_Long_(China_Fast_Food)
8082045 52286335 450 50 Heinrichs
8086268 52287680 1050 50 El_Toro_(Cafe_Untreu)
8088459 52288163 300 50 Delphi
8089501 52288638 900 50 Pizzeria_Bei_Mario
8095951 52290728 1100 50 Nacht_Club_Haus-Bremen
8045187 52292061 550 50 Der_Grieche
8049723 52294735 750 50 Imbiss_bei_Toni
8051096 52295763 700 50 Zum_Adlerhorst
8057102 52299709 1000 50 Pizzeria_Isola_bella
8059099 52301269 350 50 Syrtaki
8053700 52301602 700 50 Bistro_Pinguin
8040031 52300692 800 50 Cafe_Erste_Sahne
8051616 52308356 450 50 La_Piazza
8051344 52308332 1100 50 Außengruppe_KiTa_Haste
8105731 52292503 750 50 Restaurant_MISO
8095785 52282994 600 50 Grillstation
8094528 52282442 1050 50 Gasthof_zu_den_Linden
8079217 52278812 1100 50 Gaststätte_Bachmayer's
8076175 52282926 250 50 Korfu
8096516 52278285 900 50 Zum_alten_Katzbach
8085170 52276622 1000 50 Restaurant_Carlsburg
8083392 52275990 850 50 Gastsätte_Neumann
8066390 52275708 350 50 Aksaray
8065421 52275725 600 50 Pizza_Palast
8059980 52271977 900 50 Bobs_Pizza_&_Döner
8058952 52272113 500 50 McDonald's
8058682 52272087 700 50 Tanzcafe_Filou
8058492 52272662 1700 50 Hohenzollern_Restaurant-Bistro-Bar
8057021 52273185 450 50 Cafe_dona
8057376 52272140 350 50 Warm_up
8057149 52272064 650 50 Peking_Palast
8055547 52271696 300 50 No._16
8054662 52271422 700 50 Stadtbadklause
8055992 52268038 850 50 Pizzeria_Anatolia
8057109 52268060 300 50 Zorbas
8059985 52266377 950 50 Neustädter_Pizzeria
8061231 52266555 450 50 Argentina
8067570 52265894 350 50 Kuckuck
8062867 52265586 300 50 Subway
8062446 52265441 350 50 Dynasty
8097184 52254516 500 50 Döner_King
8100810 52252115 550 50 Grillmaster
8118661 52269469 400 50 Baanthai
8122404 52269012 850 50 Pizzeria_bei_Paco
8123550 52268611 250 50 Korfu
8125330 52267889 600 50 Grillstation
8127046 52267906 550 50 Piccoli_Eis
8134818 52267191 600 50 Alberts_Cafe
8097975 52268547 650 50 Schnellimbiss
8094966 52269256 850 50 Intensivstation_7
8080168 52273859 500 50 Club_Beton
8075553 52274270 800 50 Dadas_Kebap_Haus
8055618 52265578 550 50 Pizza_König
8056697 52265384 250 50 Trash
8057513 52264949 950 50 Asia_Bambusstübchen
8057752 52265079 550 50 Nostalgie61
8058080 52264486 900 50 Wasch_&_Bar_Saloon
8058537 52264196 600 50 Hubert_Vallo
8059050 52263818 800 50 Eiscafe_Dolomiti
8060837 52262913 550 50 Hallo_Pizza
8062532 52261903 200 50 Efem
8063582 52261595 650 50 Gasthof_Sieme
8066271 52249752 350 50 Tapitas
8064682 52247345 900 50 Currywurst_Inferno
8059252 52255488 300 50 Damora
8057447 52257402 200 50 Efes
8057670 52257792 200 50 Ecke
8057088 52257836 400 50 Il_Nuovo
8057029 52258002 400 50 Taormina
8057901 52262468 350 50 Tiffany
8054938 52263366 400 50 Osna_Pub
8054726 52264807 550 50 Club_Europa
8054786 52264649 400 50 Kim_Long
8054418 52264639 1400 50 Erstes_Osnabrücker_Kebaphaus
8054794 52264508 650 50 Neustadt_Krug
8082327 52258816 150 50 Wok
8088118 52252630 1100 50 Gasthof_Hotel_Huxmühle
8107801 52247436 650 50 Schnitzelhaus
8112569 52244910 450 50 Kavalkade
8036555 52242848 750 50 Frischlandgrill
8037699 52242082 1600 50 Hotel_Restaurant_Am_Wulfter_Turm
8021723 52232311 1600 50 Freiwillige_Feuerwehr_Sutthausen
8040510 52254056 450 50 La_Puglia
8043561 52257792 750 50 Taverne_Odyssea
8053638 52265103 250 50 Alpha
8051376 52265588 1450 50 Da_Paolo_Ristorante_&_Eiscafè
8049982 52265246 1150 50 Westermann's_Restaurant
8049302 52262645 1050 50 Restaurante_Atlantico
8045748 52262144 650 50 Uhlhornklause
8045627 52264330 850 50 SV_Rasensport_DJK
8046193 52265900 400 50 Casa_Mia
8046769 52266950 550 50 Garibaldi's
8043125 52264726 450 50 Santorini
8040486 52266535 650 50 Dolce_Momento
8047129 52267262 750 50 Cafe_Connection
8050294 52266401 300 50 Mojito
8050361 52266305 350 50 Joducus
8048143 52265312 450 50 Neue_Wege
8041666 52269905 500 50 Pizza_Welt
8026390 52264609 950 50 Estia_Haus_Avermann
8007036 52266121 300 50 Subway
7996749 52258155 550 50 Pizza_Poldi
7995558 52258058 300 50 Tomate
7993282 52256351 300 50 Milano
7984768 52263054 750 50 Eiscafe_Samanda
7983517 52263179 350 50 Timeout
8017443 52266149 550 50 Blumenhalle
8023638 52269045 1050 50 Restaurant_Bürgerbräu
8023126 52269175 650 50 Kaya's_Imbiss
8028130 52270903 300 50 Le_Feu
8031411 52270998 450 50 PizzAmici
8034878 52271404 1000 50 Weststadt_Shisha_Bar
8034930 52271317 500 50 La_Taverna
8034956 52271135 250 50 Lotus
8038179 52271988 450 50 Uni_Döner
8034443 52272679 950 50 Herr_von_Butterkeks
8028189 52274607 450 50 Friedrich
8021336 52273854 550 50 Grillmaster
8015106 52274243 450 50 Da_Pietro
8006280 52270033 700 50 Stadtteil_Cafe
8003276 52269016 400 50 Leonardo
8033182 52274706 800 50 Pfannkuchen_Haus
8033914 52274746 450 50 Come_Back
8034140 52274972 500 50 Alimentari
8036692 52275486 400 50 Bei_Rosa
8037466 52276427 550 50 Planeta_Sol
8032844 52278051 900 50 Cafe_am_Westerberg
8026737 52286753 550 50 Italian_Job
8026030 52286946 600 50 Im_Schütting
8025613 52287187 950 50 Quicky_Grill_Bistro
8021042 52289686 450 50 Café@work
8013667 52294177 400 50 Shalimar
8013980 52294902 900 50 Eiscafe_bei_Angela
8007251 52298564 1050 50 Spielcenter_Eversburg
8002564 52300623 1050 50 Altes_Gasthaus_Klatte
8005880 52302180 950 50 Billardcafe_Skyline
7990718 52306412 500 50 Le_Journal
7990788 52306633 900 50 Pizza_Döner_Palast
7990626 52306663 750 50 Zum_heissen_End
7986167 52296529 1300 50 Altes_Gasthaus_Kohlbrecher
7984560 52296264 1100 50 Gasthof_Hackmann-Atter
7991589 52295852 1150 50 Ristorante_Casa_Cavallo
7997464 52296449 350 50 Alberto
8000855 52296290 650 50 Cosa_Smeralda
8028640 52289356 550 50 Burger_King
8024842 52291080 500 50 McDonald's
8017110 52294082 550 50 Grillmaster
8052646 52268553 550 50 Ewige_Lampe
8052161 52268699 600 50 PizzaExpress
8053519 52266968 1350 50 Haus_Vennemann_Club_Sinatra
8053438 52266303 600 50 Café_Mandela
8051629 52269550 550 50 Grillmaster
8051881 52269841 400 50 Zinnober
8051458 52269835 450 50 Carbonero
8050539 52270978 600 50 Anne's_Theke
8049486 52271347 400 50 Atlantic
8050114 52271600 650 50 Taxxim_Lounge
8049643 52271828 450 50 M&C_Döner
8048702 52273042 400 50 Dolomiti
8046450 52272591 400 50 Gundolfs
8047014 52272869 700 50 Neumarkt_Mühle
8047596 52273003 1250 50 Fischrestaurant_Helgoland
8046825 52273618 350 50 Toscani
8046348 52273321 550 50 Wok-Express
8045789 52273887 1300 50 Wok_Friends_/_Viet_Nam_Wok
8048912 52273058 750 50 Schlaraffenland
8050277 52274332 300 50 Culina
8049861 52274410 500 50 China_Haus
8049262 52274603 500 50 Grand_Cafe
8049033 52274756 900 50 Pizzeria_da_franco
8048182 52275462 350 50 Venezia
8048140 52274887 500 50 Cup_&_Cino
8048038 52275871 750 50 Goldener_Drache
8047670 52275900 1350 50 Ashoka_Indisches_Restaurant
8043087 52277838 600 50 Marktschänke
8042885 52277839 550 50 Il_Paradiso
8042574 52277847 1050 50 Osnabrücker_Pizzahaus
8042678 52277843 850 50 Crêperie_am_Markt
8042469 52277850 650 50 Cafe_am_Markt
8042184 52277444 1000 50 Trattoria_am_Rathaus
8041250 52277264 500 50 Ratskeller
8040873 52277107 400 50 Olle_Use
8040618 52277703 500 50 Asia_Point
8040414 52277913 1050 50 Bistro_de_la_Cameleer
8038898 52278626 1400 50 F.A.C._-_Fresh_Asian_Cuisine
8039064 52278608 600 50 Il_Capriccio
8040989 52276598 500 50 Weinkrüger
8040719 52278560 450 50 Cafe_Oase
8043510 52280591 400 50 Lukullos
8042596 52281047 300 50 Cheers
8043335 52280921 450 50 Whiskey's
8043550 52280876 550 50 Atter_Meyer
8043522 52280752 300 50 Rialto
8043813 52279612 650 50 Altstadthütte
8044037 52279434 1150 50 Alte_Gaststätte_Holling
8043283 52279272 1200 50 Bei_Tony_Vegano_Italiano
8043772 52276114 700 50 Polly_Esther's
8044186 52275419 1250 50 Pferde_haben_keine_Flügel
8044166 52275225 1150 50 Barösta_Kaffee-Boutique
8041732 52275312 550 50 Bella_Vista
8041372 52275983 900 50 Eiscafé_Fontanella
8042126 52276586 500 50 Fontanella
8042041 52276625 800 50 Warsteiner_Treff
8043770 52280453 950 50 Roberts_Sportkneipe
8040072 52274700 350 50 Ichiban
8040469 52274160 550 50 Cafe_Orient
8040751 52275430 800 50 The_Red_Shamrock
8042619 52275505 850 50 Alte_Posthalterei
8051631 52269492 700 50 Hubertuskeller
8063920 52281844 300 50 Virage
7959426 52271276 650 50 Gasthof_Thies
7957975 52272619 500 50 Snackpoint
8039484 52257346 1050 50 Gemeindehaus_St._Pius
8038728 52257298 1050 50 St._Pius_Kindergarten
8039477 52258187 1150 50 Elisabeth-Siegel-Schule
8050608 52260785 450 50 IM_PaULuS
8045286 52275838 2550 50 Renderath,_Seetzen-Kanaan,_Uthoff,_Lütje,_Cadenbach
8098311 52251554 600 50 Kindergarten
8064929 52272700 850 50 Franz-Lenz-Straße
8060472 52272636 950 50 Theodor-Heuss-Platz
8059535 52271972 1050 50 Theodor-Heuss-Platz_1
8059455 52271843 750 50 Packstation_104
8053486 52266003 400 50 Domino's
8045607 52270402 950 50 Mensa_Schlossgarten
8051870 52270308 1450 50 Unterirdische_Toilettenanlage
8054522 52264294 600 50 Merkez_Camii
8032063 52319364 1250 50 Parkplatz_im_Quellengrund
7950112 52301602 250 50 Shell
8057704 52306711 1700 50 Grünabfallsammelplatz_"Hoher_Esch"
8059103 52292415 1050 50 Felix-Nussbaum-Schule
8058764 52293360 1400 50 Ernst-Moritz-Arndt-Gymnasium
8054293 52295760 950 50 Heilig-Geist-Schule
8055379 52269550 750 50 Apotheke_am_MHO
8068303 52302782 900 50 Thomaskindergarten
8054027 52297304 1900 50 Katholischer_Kindergarten_Heilig-Geist
8006769 52265804 950 50 Tankstelle_Kaufland
8051363 52274740 1550 50 Deutsche_Bank_Filiale_Osnabrück
8059398 52271916 1800 50 Deutsche_Post_Hauptfiliale_Osnabrück
8021803 52269921 100 50 Q1
7999086 52297672 2100 50 Freiwillige_Feuerwehr_Osnabrück-_Eversburg
8079777 52275922 2000 50 Freiwillige_Feuerwehr_Osnabrück-Schinkel
8050156 52277874 1450 50 Tiefgarage_im_Cinema_Arthouse
8057153 52259068 1000 50 Schölerberg_Apotheke
8051399 52270332 650 50 Ständebrunnen
8055485 52269422 1600 50 Notdienstambulanz_Osnabrück_e.V.
8078966 52285105 1000 50 Q1_VfL-Fantankstelle
8047998 52306989 1000 50 Haster_Berg_Apotheke
8050471 52307213 1850 50 Freiwillige_Feuerwehr_Osnabrück-Haste
8065097 52303126 800 50 Galenus-Apotheke
8050869 52275880 1250 50 Oldenburgische_Landesbank
8045261 52272718 750 50 Ledenhof-Garage
8025929 52270812 100 50 Q1
7975624 52266511 750 50 Autobriefkasten
8013676 52294572 550 50 Commerzbank
8050399 52308513 1150 50 Kindertagesstätte_Haste
8039206 52299676 2650 50 Allgemeinmediziner_Dres._H._Hilling_und_C._Schadowski
8076310 52274647 1800 50 Sparkasse_Osnabrück_Filiale_Schinkel
8112741 52300914 200 50 MIOS
8130246 52307473 150 50 Jet
7957803 52242657 750 50 Hüggel-Apotheke
8050415 52295073 750 50 Lerchenapotheke
8046197 52305143 1600 50 Seniorenheim_'Residenz_Ambiente'
8111895 52258185 800 50 Düstruper_Straße
8055524 52262926 250 50 Sadko
8021999 52232506 2850 50 Evangelischer_Kindergarten_'Kleine_Freunde-Große_Freunde'
8058332 52272104 950 50 Spielbank_Osnabrück
7957358 52242186 1550 50 Freiwillige_Feuerwehr_Hasbergen
8060086 52299069 950 50 Mönkemarkt_Apotheke
8006943 52285102 450 50 Kampmeier
8015104 52235412 800 50 Sutthauser_Mühle
8041081 52272550 1900 50 Universitätsgebäude_42_/_Villa_virtUOS
8131569 52298315 1350 50 Gaststätte_zum_Schützenhaus
7957986 52235173 550 50 Golden_Star
7980902 52267639 400 50 Poseidon
7981946 52267734 1650 50 Kleintierpraxis_Dr._Kerstin_Loose
8006638 52255236 550 50 Hörner_Krug
8061202 52236424 350 50 Mehring
7999538 52260970 1650 50 Deutsche_Apotheker-_und_Ärztebank
8032748 52241095 2100 50 Volksbank_GHB_-_Geschäftsstelle_Sutthausen
7986540 52260849 500 50 Dr._Möller
7986488 52260898 650 50 Im_grünen_Tal
7988492 52258622 450 50 Dr._Höfer
7994561 52257473 1300 50 Dr._Bremer_und_Dr._Stephan
7996101 52257014 600 50 Dr._Stölting
8024554 52238619 500 50 Dr._Krüger
8023794 52237543 450 50 Dr._Hanke
8027256 52235274 750 50 Schlossapotheke
8015707 52234146 2500 50 Dr._med._Judith_Hampel_und_Dr._med._Joachim_Hampel
7992378 52255837 250 50 Shell
8043505 52276805 800 50 Taxistand_am_Dom
8043564 52276650 750 50 HypoVereinsbank
8050034 52293597 1300 50 Matthäus-Kindertagesstätte
8030766 52264151 700 50 Adventgemeinde
8054445 52270540 800 50 Taxistand_am_MHO
8047160 52273374 450 50 Starbucks
8047066 52275196 1100 50 Café_Restaurant_im_L&T
8046768 52275061 650 50 Bistro_im_L&T
8047042 52275035 700 50 Eiscafé_im_L&T
8006603 52269820 950 50 Hermann-Bonnus-Haus
7995677 52257439 1750 50 Sparkasse_Osnabrück_Filiale_Hellern
7995997 52257767 750 50 Töpfer-Apotheke
8062408 52246678 700 50 Markt-Apotheke
7990628 52295782 250 50 Shell
8078374 52282783 1150 50 Polizeistation_Schinkel
7941093 52300395 400 50 Achilles
8027173 52270949 450 50 Taxistand
8050087 52284188 1100 50 Universitätsgebäude_54
7957469 52273075 250 50 Shell
8023383 52235865 1250 50 Polizeistation_Sutthausen
8044666 52259238 950 50 Pizzeria_da_Stefano
7940513 52312978 450 50 la_piazza
7940264 52313595 850 50 Ratsstuben_Wersen
7940897 52312978 650 50 Rats-Apotheke
8044216 52271270 1100 50 Universitätsgebäude_11
8043592 52271627 1100 50 Universitätsgebäude_12
8044907 52271586 1100 50 Universitätsgebäude_13
8039111 52272095 1100 50 Universitätsgebäude_20
8039796 52272288 1100 50 Universitätsgebäude_21
8038846 52272072 1100 50 Universitätsgebäude_25
8038617 52272055 1100 50 Universitätsgebäude_27
8039154 52272810 1100 50 Universitätsgebäude_28
8037242 52274070 1100 50 Universitätsgebäude_29
8026658 52286544 1450 50 Psychosoziale_Beratungsstelle
7949106 52300959 1400 50 Hotel_Busch_Atter_Restaurant
8043081 52256018 750 50 Packstation_103
8053013 52265700 1000 50 Taxistand_Rosenplatz
8025413 52277395 450 50 Cafeteria
8054535 52272127 650 50 Völker-Schule
8054709 52271830 950 50 Eilert_Sprachschule
8037005 52271132 500 50 Lutherhaus
7939543 52313247 450 50 Volksbank
7940658 52313678 450 50 Sparkasse
8050802 52274156 400 50 Paketbox
8031277 52263767 1300 50 Bischof-Lilje-Altenzentrum
8053647 52266743 850 50 Neustadt-Apotheke
7950036 52301433 950 50 Kochs_Grill_Station
7975225 52299909 750 50 Pizzeria_Stella
7974986 52299730 700 50 Cafe_Wechslung
8037784 52287578 250 50 Relax
8037405 52281209 350 50 Hidalgo
8063615 52280702 350 50 Poolbar
8133171 52271805 600 50 zum_Findling
8065873 52260461 400 50 La_Torre
8066927 52259745 2050 50 Sparkasse_Osnabrück_Filiale_Meller_Straße
8070788 52258698 950 50 Pizzeria_Luna_Rossa
8079846 52257450 850 50 Pizzeria_Calabria
8055066 52264031 650 50 Bilad_Al_Sham
8054118 52265252 900 50 Enjoy_Döner_Lounge
8048915 52262756 900 50 Fürstenberg_Klause
8044313 52258648 350 50 Sawadee
8029735 52274636 400 50 Calimero
8031297 52272229 650 50 Tatort_Engels
8026759 52271137 800 50 Pizzeria_Toscana
8071506 52275344 550 50 Cafe_Europa
8061178 52270113 450 50 Döner_Bus
8057206 52273156 400 50 Cafe_Can
8057348 52273103 300 50 Uludag
8036123 52269489 900 50 Pizzeria_La_Chiesa
8051684 52268028 300 50 UNIKAT
8053222 52266910 500 50 Multikulti
8046264 52275887 350 50 Vapiano
8043351 52278635 450 50 China_Wok
8039011 52276217 400 50 Peitsche
8041406 52276803 350 50 Sophies
8044913 52273762 400 50 Ali_Baba
8042786 52276275 750 50 Cafe_Leysieffer
8020193 52273349 1300 50 St._Elisabeth_Kindergarten
7963906 52236818 900 50 Apotheke_Hasbergen
7964545 52236817 1400 50 Parkplatz_Gesundheitszentrum
7964091 52236771 2000 50 Dres_Albrecht_Hindemith_Haucap-Osterhaus
7964041 52236890 500 50 Dr._Wehner
8016012 52310950 450 50 Hyde_Park
8060197 52299609 900 50 Dr.med._Armin_Mohr
8074377 52259662 700 50 kleine_Kantine
8063280 52261472 900 50 Elefanten_Apotheke
8069130 52258965 450 50 Volksbank
8071228 52258351 650 50 WIHO_Apotheke
8076973 52260132 750 50 Packstation_105
8062460 52246385 1000 50 Cigo_(DHL_Paketshop)
8049710 52271430 450 50 Treibhaus
8051414 52268024 1050 50 Filmpassage_Osnabrück
8052342 52268405 800 50 Johannisapotheke
8050716 52270797 550 50 Annas_Treff
8048459 52267416 1450 50 Verkehrsfachschule_Osnabrueck
8049517 52271620 400 50 Ocakbasi
8052556 52267962 450 50 Santander
8054383 52274126 1500 50 Paracelsus_Heilpraktikerschule
8052721 52268447 900 50 Salzmarkt_Apotheke
8053141 52273530 900 50 Fahrschule_Lienhop
8051846 52269913 1700 50 Augenarzt_Schuster,_Reich_&_Breuer
8056175 52273081 500 50 Die_Schule
8053151 52268971 950 50 Gausmann_&_Gausmann
8054841 52273267 4700 50 Beck,_Diepenbrock,_Drewes,_Drewes,_Frank,_Kux,_Leimkuehler,_Ostertun,_Reitz,_Schoening_&_Turck
8053665 52273450 850 50 Aesculap_Apotheke
8056571 52268428 450 50 Confusion
8053275 52273712 750 50 City_Fahrschule
8053313 52267338 1050 50 Internetcafe_Cybernet
8065013 52272947 200 50 Sixt
8055826 52277106 550 50 Flizikowski
8043599 52278832 850 50 Schmales_Handtuch
8043796 52280678 950 50 Pizzeria_da_Michele
8044584 52276210 300 50 Subway
8046122 52275609 800 50 Joker_Spielothek
8050037 52276396 2250 50 Orthopädie_Peters_+_Praxis_für_Physiotherapie
8049747 52275557 1150 50 Postbank_Finanzberatung
8048345 52275424 700 50 LBS_Sparkassen
8048858 52274893 450 50 Targobank
8048618 52275599 550 50 Commerzbank
8075774 52276030 650 50 Tusch,_Wehmer
8071817 52275267 400 50 Sportbar
8073644 52276491 1300 50 Kinderarzt_Niemann-Pilatus
8075557 52277169 1300 50 Zahnärzte_Stengler_Michnol
8075737 52278630 650 50 Schinkeltreff
8071926 52282015 1200 50 Allgemeinmedizin_Salland
8075557 52277039 1050 50 Zahnärzte_Becker_Mees
8076086 52281942 1000 50 Tierarzt_Bruchhausen
8079004 52274063 850 50 Dart_Club_Bom-Bar
8075788 52280710 800 50 KiTa_Heiligkreuz
8075626 52279145 1750 50 Integrative_Kinderkrippe_Regenbogen
8057919 52277962 700 50 Fr._E._Gärtner
8055291 52277296 950 50 SKM_Soziale_Dienste
8050137 52276935 950 50 Fahrschule_Brückner
8056744 52277672 650 50 Dr._J._Becker
8057420 52277667 1200 50 Fahrschule_Loheide+Kraft
8038744 52287243 700 50 Jet-Tankstelle
8046621 52261048 2100 50 Fahrschule_Kindermann_-_Filiale_OS-Zentrum
8025696 52290416 500 50 Flippothek
8029874 52288594 550 50 The_Bulldog
8030056 52288759 900 50 NEO_club_&_cuisine
8076260 52279765 1000 50 Orthopäde_Dr._Wagner
8088865 52278811 700 50 Schinkel_Grill
8077218 52284233 850 50 Yogaschule_Amanda
8077622 52274994 750 50 Huesges_Paulsen
8083969 52279359 800 50 Fahrschule_Celik
8076329 52282079 850 50 Siggis_Fahrschule
8077983 52277115 1150 50 Kneipe_Thomasburger_Eck
8076128 52279090 1000 50 Orthopäde_Mennewisch
8076166 52279527 1000 50 Fahrschule_St_Eggert
8024804 52270728 200 50 Aral
8065828 52303179 750 50 Fahrschule_Keck
8074782 52305044 650 50 Ellerapotheke
8079827 52305244 600 50 Telefonzelle
8065776 52303207 1550 50 Atelier_Casa_Musica_Musikschule
8075829 52304696 1000 50 Dr.med._Chr._Maßbaum
8065856 52303253 1000 50 Zahnarzt_Viktor_Rapp
8083613 52302752 550 50 Hundeschule
8048018 52306887 1350 50 Praxis_für_Krankengymnastik
8050274 52307028 1550 50 Medikos_Physikalische_Therapien
8051490 52308343 1150 50 Academy_Fahrschule_Berg
8047227 52306422 600 50 Telefonzelle
8048010 52306922 1450 50 Gemeinschaftspraxis_Zahnärzte
8049290 52306539 1850 50 Fahrschule_Kindermann_-_Filiale_Haste
8048031 52306855 1450 50 Allgemeinmediziner&Kinderarzt
8056214 52260341 400 50 Gofferje
8057926 52256806 700 50 Jostes_&_Hegge
8010809 52296561 200 50 Bang
8014408 52293765 550 50 Cafe_Justus
8010901 52296504 750 50 Pizzeria_Apollo
8013220 52294433 1800 50 Allgemeinmediziner_Dependehner&Meyer
8030857 52273091 650 50 Klavierschule
8037606 52275432 800 50 Einhorn-Apotheke
8034821 52274807 700 50 Atlas_Apotheke
8035968 52271744 750 50 Jehsert_&_Kadow
8021020 52273455 1550 50 Kinderarzt_Thiele,Ollefs&Konrad
8035414 52274828 300 50 Lettow
8021740 52273852 650 50 Hörnschemeyer
8021632 52273758 1550 50 Kieferorthopäde_Abadei&Komesker
8023634 52274422 850 50 Franks_Fahrschule
8029094 52270972 850 50 Fahrschule_Greife
8034357 52271403 850 50 Pizzeria_Pinochio
8027412 52270628 800 50 Fahrschule_Ralle
8025233 52270338 850 50 Malteser_Apotheke
8023709 52269135 350 50 Reinken
8098208 52282041 950 50 Fahrschule_Hollmann
8090181 52288981 1050 50 Fahrschule_St._Eggert
8094378 52282179 1150 50 SB_Tankstelle_John_Butt
8095260 52282625 850 50 St._M._Rosenkranz
8083092 52286654 2300 50 Sparkasse_Osnabrück_-_SB-Filiale_Bremer_Straße
8094650 52282502 350 50 Wittich
8098801 52280493 750 50 Sauer_Fingerhut
8105510 52282198 1050 50 Gaststätte_Blau_Weiss
8046893 52272089 600 50 Wonderwaffel
8046698 52307028 600 50 Post-Agentur
8038565 52287785 900 50 Markant_Tankstelle
8025760 52289951 1150 50 Osnabrücker_Spieletreff
8010143 52289314 950 50 Paracelsus_Apotheke
8022155 52291704 450 50 Aw_Bistro
8032028 52274835 450 50 Kleinkost
8032677 52274870 600 50 Lotter_Leben
8028112 52275738 800 50 Schwimmschule_32
8013523 52277080 2000 50 St._Marien_Kindertagesstätte_Flohrstraße
8036841 52280899 850 50 Aldemy_Fahrschule
8034808 52275047 700 50 Caffewerkstatt
8034466 52275004 700 50 Diamond_Casino
8038780 52283129 1150 50 Spanischer_Elternverein
8043334 52278750 600 50 Dom-Apotheke
8043561 52279506 500 50 Döner_Haus
8043447 52276997 750 50 Lieblingskaffee
8136018 52304845 1400 50 Apotheke_in_der_Lindenstraße
8060690 52301164 400 50 Hollmann
8039495 52275867 500 50 Pusteblume
8027598 52286732 250 50 Hagen
8042062 52275302 450 50 Osnabrett
8042514 52279780 800 50 Taverna_de_Tapas
8042668 52276324 600 50 Pans_Kitchen
8042474 52276619 450 50 Hülsmeier
8059481 52261127 550 50 Schulenberg
8055925 52265701 1250 50 Fahrschule_Martin_Kremser
8062468 52258840 1300 50 Dr.med._Bernhard_Schürhaus
8063365 52261426 1150 50 Ärztehaus_Meller_Straße
8068879 52259055 1100 50 Kleintierpraxis_Döhner
8071278 52261587 650 50 Spiel-Station
8037294 52276535 1250 50 Volkshochschule_Osnabrück
8043305 52269032 300 50 Dousti
8074388 52247460 450 50 Makatanda
8050691 52283044 450 50 Bertram´s
8057935 52281846 850 50 Werkfeuerwehr_KME
8052285 52283883 150 50 KME
8053300 52265017 2250 50 German_Musical_Academy_(Hochschule_Osnabrück)
8056347 52274282 1050 50 innogy_ePower_Station
8070723 52254021 900 50 Alter_Zooparkplatz
8012979 52274340 450 50 Westfalen
8026604 52290103 700 50 Restaurant_Han
8051120 52265644 700 50 Schäferbrunnen
8027724 52282416 1100 50 Universitätsgebäude_63
8004908 52290625 1100 50 Universitätsgebäude_70
8046902 52273059 300 50 Cuabar
7957256 52242649 1950 50 Sparkasse_Osnabrück_-_Filiale_Hasbergen
7958444 52242703 500 50 City_Point
7964561 52239015 1200 50 Restaurant_am_Kachelofen
8004746 52277107 850 50 Sanicare-Apotheke
8061753 52302030 3150 50 Dr._med._Roswitha_Jenß_Fachärztin_für_Kinder-_und_Jugendmedizin
8031384 52285488 4100 50 Dres._Franz_Jüngerhans_und_Ulrike_Knällman_Fachärzte_für_Kinder-_und_Jugendmedizin
8030046 52270878 4600 50 Medizinisches_Versorgungszentrum_Orthopädie,_Kinderorthopädie,_Reha-Medizin,_Unfallchirurgie
7978976 52306506 450 50 Sparkasse
7978960 52306599 950 50 Volksbank_SB-Center
8054900 52276604 750 50 Packstation_152
8042467 52277556 700 50 Le_Bric_à_Brac
8054328 52266493 1450 50 Dres._Berndt_und_Petra_Bromme
8061155 52291542 1550 50 Westerfeld_Sozial-Einrichtungen
8053191 52272080 1450 50 Bildungszentrum_St._Hildegard
8050464 52293573 750 50 Matthäus-Kirche
8076487 52278293 750 50 Fahrschule_Böhm
8066264 52280835 600 50 Hellas_Grill
8044044 52274672 900 50 Barösta_Kaffeehaus
8079400 52291694 1750 50 Fahrradparkplatz_Bauernhof_Luhrmann
8079632 52292032 1400 50 Parkplatz_Bauernhof_Luhrmann
8037356 52277798 1300 50 Fahrradparkplatz_Stadthaus
8037300 52278232 1300 50 Fahrradparkplatz_Stadthaus
8037194 52278197 1550 50 Ladestation_Stadthaus_Osnabrück
8026989 52286283 1350 50 Kita_"Die_kleinen_Strolche"
8083384 52280368 1000 50 CarSharing-Parkplatz
8033184 52270396 450 50 Porto_Bar
8032518 52270272 350 50 Medicos
8018156 52266143 450 50 Ital._Eis
8059500 52265377 1350 50 Kinderarztpraxis_Dr._Mönter
8064708 52275449 850 50 Alte_Werte_Kontor
8064901 52275478 400 50 Kalakhan
8058442 52290220 2800 50 Dirk_Meyer,_Facharzt_für_Allgemeinmedizin,_Chirotherapie
8058251 52290119 800 50 Pelikan-Apotheke
8059270 52264978 1150 50 Fahrschule_Grimmelsmann
8038625 52300380 2050 50 Dr._Bachmann,_Facharzt_für_Augenheilkunde
8038449 52256684 1100 50 Carl-Sonnenschein-Haus
8039402 52258689 1400 50 Abendgymnasium_Sophie_Scholl
7979404 52305080 1150 50 Praxis_Kreitling-Thomas
8068567 52249406 1500 50 E-Bike_Ladestation_Schölerberg
8061011 52267180 2200 50 Diyanet_Isleri_Türk-Islam_Birligi-Yeni_Camii
8060054 52267519 1350 50 Islamska_Zajednica_Bosnjaka
8124875 52303321 1400 50 Deutsche_Post_-_Filiale_Belm
8123550 52306235 700 50 Panda-Apotheke
8125916 52302650 800 50 Wochenmarkt_Belm
8092878 52315482 700 50 Kiesberg-Hütte
8045302 52273592 950 50 Ladestation_Am_Kamp
8043307 52281044 650 50 Die_Waschfrau
7994598 52230407 700 50 Zum_Wilkenbach
8067667 52265539 1450 50 bfw_-_Unternehmen_für_Bildung
7989468 52273525 1100 50 Schutzhütte_Heger_Holz
8035729 52283326 1150 50 Medienzentrum_Osnabrück
8052748 52273836 2150 50 Bankhaus_Hallbaum_Geschäftsstelle_Osnabrück
8058718 52272228 600 50 Hall_of_Fame
8041338 52273160 1450 50 Kindertagesstätte_Kindervilla
8000301 52301827 1200 50 Polizeistation_Eversburg
8048470 52306939 1000 50 Polizeistation_Haste
8072110 52251240 1000 50 Imbiß_am_Affentempel
8072040 52251358 450 50 Backstube
8072141 52249782 550 50 Safari-Camp
8004046 52301721 400 50 Gezeiten
8118457 52277084 1150 50 Werkfeuerwehr_Schoeller
8075039 52283777 400 50 Wellmann
8052398 52270004 600 50 Parkhaus_CKO
8049345 52294875 800 50 Uli's_Fahrschule
8047793 52275538 900 50 Fountain_Of_Wishes
8052788 52272967 1350 50 Polizeiinspektion_Osnabrück
8045141 52281085 800 50 Bahnhof_Altstadt
8126043 52306106 700 50 Gasthaus_Lecon
8046814 52275220 1150 50 Oase_im_Lichthof_im_L&T
8027023 52236269 400 50 Hacienda
8019564 52270810 1250 50 Rückertschule_Grundschule
8045544 52273304 2700 50 Universität_Osnabrück_Bibliothekszentrale_"Alte_Münze"
8039735 52272276 4100 50 Bereichsbibliothek_Rechts-_und_Wirtschaftswissenschaften_der_Universität_Osnabrück
8047108 52274436 450 50 Currylust
8022798 52284494 550 50 Café-Lounge
8022318 52284425 800 50 Mensa_Westerberg
8044639 52272607 750 50 Ledenhof-Garage
8039619 52292511 450 50 Kreuzbund
7975715 52265833 1650 50 Großannahmestelle_Brief_Osnabrück
7976101 52266436 550 50 Packstation
7940709 52314082 1650 50 Evangelischer_Kindergarten_Wersen
8055532 52273786 850 50 RWE_eBike_Station
8039244 52292941 500 50 Wärmestube
8039370 52292993 500 50 Zahnumzahn
8093412 52281836 700 50 Eiscafé_Amalfi
8088389 52286095 1900 50 "Panorama"_Gaststätte_Zum_Laubenpieper
8089222 52278912 1300 50 Bäckerei_Schäfers_mit_Café
8042282 52284766 350 50 Murinos
8046986 52293571 1050 50 Fahrschule_Telljohann
8061255 52263186 1800 50 Portugiesisches_Freizeitzentrum_e.V.
8042046 52277084 650 50 Bürgerbrunnen
8079095 52278594 1300 50 Verlag_Heinrich_Vogel_GmbH
8052249 52269941 1000 50 Tiefgarage_Volksbank
8123523 52268405 250 50 Korfu
8046822 52273705 450 50 Volksbank
8043615 52276546 550 50 Lotusgarten
8040655 52277628 1550 50 Post_und_Briefmarken_Fellermann
8042890 52274543 1150 50 Sozialgericht_Osnabrück
8061029 52254193 950 50 KiTa_am_Schölerberg
8037193 52275123 600 50 emma-Theater
8013972 52282689 1050 50 Büdchen_am_Westerberg
8087901 52307679 2850 50 @fire_Internationaler_Katastrophenschutz_Deutschland_e.V.
8058757 52271667 700 50 Caffe_Corleone
8037353 52280145 2050 50 Dreieinigkeitsgemeinde_Osnabrück_der_SELK
8003710 52269173 1450 50 Bestattungsinstitut_Kampmeyer
8058476 52272967 550 50 Burger_King
8044867 52276100 200 50 Alex
8065656 52263984 450 50 Westfalen
7956164 52243511 1300 50 Evangelischer_Kindergarten
7959125 52242763 750 50 Sonnen-Apotheke
8078285 52278672 1300 50 Sandzak_Grill_+_Club_e._V.
8037357 52276760 800 50 Stadthaus-Garage
8060519 52260122 650 50 Am_Riedenbach
8135360 52305426 700 50 Dr._Werremeyer
8138452 52301979 650 50 Dr._Treschnak
8139804 52302097 900 50 Allgemeinmediziner
8137800 52300829 950 50 Tierarzt_Bringewart
8126653 52303434 750 50 Falken-Apotheke
8069463 52275364 1900 50 Senioren-_und_Pflegeheim_Haus_Schinkel
8073939 52274992 600 50 Sultan_Kebap
8023981 52267468 850 50 OSC_Sportlertreff
8044720 52268936 2000 50 Bankhaus_Lampe_-_Niederlassung_Osnabrück
8071339 52237726 1200 50 Café_Franziskus-Hospital
8053363 52297078 2300 50 Katholischer_Kindergarten_Heilig-Geist,_Krippe
8038436 52289984 700 50 Fautz_Catering
8041698 52286774 1350 50 Verein_für_Jugendhilfe_e.V.
8046611 52293477 1100 50 Mittmanns_Cafe_&_Laden
8032140 52294552 550 50 Heiße_Hütte
8044602 52281476 1200 50 Fahrradparkplatz_Hasetor
8049896 52271346 800 50 Mamma_Restaurant
8074335 52249766 500 50 Baumelbank
8074345 52249766 500 50 Baumelbank
8074316 52249822 500 50 Baumelbank
8074287 52249825 500 50 Baumelbank
8106763 52248980 1650 50 Polizeistation_Voxtrup/Lüstringen
8125936 52302956 1050 50 Fahrschule_St._Eggert
8066514 52295324 1050 50 Fahrschule_St._Eggert
8046593 52275512 1350 50 Monsieur_Petit_Crêpe_&_Café
8045846 52275316 600 50 Grünkäppchen
8046002 52275283 350 50 yolibri
8046283 52275546 400 50 YouShiMe
8046101 52275472 600 50 Thai_Gourmet
8042587 52284084 800 50 Pizzeria_Firenze
8042636 52279636 1250 50 Ferdinands_Kaffeerösterei
8058277 52267616 850 50 Der_Zauber_von_OS
8058556 52267931 450 50 Nize_Club
7990249 52255000 1950 50 Fahrschule_Kindermann_-_Filiale_Hellern
7991056 52296555 2050 50 Fahrschule_Kindermann_-_Filiale_Eversburg
8097442 52254404 1950 50 Fahrschule_Kindermann_-_Filiale_Voxtrup
8047756 52274137 700 50 NOZ_Mediencafé
8051001 52276432 300 50 os1.tv
8050104 52277010 1650 50 Radio_21_Regionalstudio_Osnabrück
8050069 52277094 1400 50 ffn_Regionalstudio_Osnabrück
8051595 52276316 1850 50 IT-Kompetenzzentrum_der_BBS_Osnabrück
8000528 52262666 1500 50 Königreichssaal_Jehovas_Zeugen
8070192 52300317 1500 50 Königreichssaal_Jehovas_Zeugen
8044263 52277918 550 50 Parkautomat
8044425 52278745 550 50 Parkautomat
7994346 52257672 3500 50 Gemeinschaftspraxis_Dr._med._Wolfgang_Bremer,_Dr._med._Stephan_Burgard
7965915 52266188 650 50 Taste_Kitchen
8053733 52273645 450 50 ReiseBank
8050898 52274187 400 50 Postbank
8049408 52281640 150 50 KME
8050195 52282455 150 50 KME
8070449 52265943 250 50 VW_P3
8080040 52264485 400 50 VW_Tor_2
8072610 52265894 250 50 VW_P4
8080654 52263704 250 50 VW_F5
8071626 52265774 250 50 VW_F1
8076406 52263218 400 50 VW_Tor_5
7967787 52308012 600 50 Kromschröder
8046061 52273002 3650 50 Universität_Osnabrück_Bereichsbibliothek_Philologien/Kulturwissenschaften
8047776 52271253 3050 50 Universität_Osnabrück_Bereichsbibliothek_Sozialwissenschaften
8048312 52269437 1250 50 Forschungsbibliothek_ELSI
8045996 52271807 1600 50 Forschungsbibliothek_IKFN_/_IMIS
8041039 52277081 650 50 Frauke_Kröner
8059109 52273202 950 50 Theodor-Heuss-Platz
8050024 52273126 450 50 L'Osteria
8042886 52277892 1000 50 NDR_Studio_Osnabrück
8050861 52265226 850 50 Fahrschule_Jaesch
8059258 52247149 1050 50 Arztpraxis_Dr._Benken
8042407 52284488 700 50 Stern-Apotheke
7949551 52305204 800 50 RATIO_Tankstelle
8110832 52299715 750 50 Schlaraffenland
8044059 52273770 400 50 Mellow's
8044311 52273370 400 50 Schlecks
8041921 52285667 1500 50 Coppenrath_Conditorei-Bäckerei
8054324 52277040 650 50 Wolkenbrunnen
8032953 52271070 800 50 Anyway_Eventhaus
8033447 52274718 350 50 L‘Olivo
8036591 52299158 1000 50 Fahrschule_Harmeling
8054529 52273479 750 50 Spritzenautomat
8039108 52299819 1650 50 Homöopathische_Praxisgemeinschaft
8050218 52273029 1450 50 Kiko_(Kinderkompetenzzentrum)
8089314 52305514 750 50 Limberg-Theater
8051803 52270029 300 50 Gelato
8051744 52302677 850 50 NETTE_Gastronomie
8034871 52271287 450 50 Soho_City
8037516 52279992 1000 50 Dr._Gust_und_Partner
8038828 52276369 300 50 Almani
8043792 52276395 700 50 Eiscafe_LaLuna
8017757 52274164 800 50 Marali_&_Kassler
8041374 52271962 850 50 Wirtschaftswunder
8040538 52276948 950 50 Baroque_Cocktailbar
8040523 52276804 2500 50 Christiane_Döring_Psychologische_Psychotherapeutin
8039769 52276579 1700 50 Psychosoziale_Krebsberatungsstelle
8039256 52277018 500 50 Grüne_Gans
8042791 52277660 800 50 StadtGalerieCafé
8039381 52276352 500 50 Kulturhaus
8040745 52276691 2700 50 Klaudia_Bick_Kinder-_und_Jugendlichenpsychotherapeutin
8040418 52277210 800 50 DAVID_Lounge_Bar
8036067 52275279 1950 50 Suchtberatung_und_-behandlung_Osnabrück
8050269 52268028 700 50 Neustadt-Carré
8036589 52281955 250 50 Combi
8043835 52309546 1000 50 Paul-Gerhardt-Kirche
8031629 52274612 550 50 Briefkasten
8005275 52265509 500 50 Farma-Plus
8005811 52265544 300 50 Rhodos
8062449 52246458 1000 50 Marktkauf_Genusswelt
8044341 52275506 500 50 Peter_Pane
8034892 52271374 600 50 Chows_Garten
8098589 52280743 900 50 Röthebach-Apotheke
8036186 52263806 800 50 Moskaubad-Bistro
8041282 52278850 750 50 Altstadt-Garage
8056410 52275564 600 50 Bastard_Club
8051773 52275268 900 50 Pizza_Hut_Delivery
8044294 52275992 2300 50 Antenne_Niedersachsen_Regionalstudio_Osnabrück
8047516 52273068 450 50 Drehspieß
8053492 52266155 850 50 Projekt_36_Lounge
8067237 52265866 250 50 Works
8026569 52297304 1350 50 Ecole_de_Batterie_Osnabrück
8064420 52265341 500 50 Kesselhaus
8058209 52261589 1000 50 Fanprojekt_Osnabrück
8021067 52232057 600 50 Wilde_Triebe
8044959 52259658 750 50 Osning_Apotheke
8028047 52265547 450 50 Lese_Oase
8045215 52275232 350 50 Nordsee
8041592 52275447 450 50 Taj_Mahal
8021804 52304919 800 50 Herhof_Recycling
7995966 52312664 1250 50 Gösling's_Milchtankstelle
7995890 52312693 400 50 Regiomat
8045954 52260822 1050 50 Dr._Ralph_Schmidtchen
8045915 52260428 800 50 Pizza_Döner_Land
8046560 52260992 1050 50 Pizzeria_Da_Salvatore
8039372 52276091 500 50 Buon_Gusto
8036079 52299735 950 50 Dr._Tobias_Sandmann
8040356 52275333 1150 50 Hypnotize_Shisha_Lounge
7963577 52238465 900 50 Freizeitland-Halle
7963916 52238760 900 50 Freizeitland-Halle
8006187 52265772 650 50 Eurasia_Point
8059722 52299229 650 50 DHL_Paketshop
7956511 52242571 700 50 Tomblaineplatz
8047257 52274534 650 50 Tränenbrunnen
8043795 52280755 550 50 FrittenGold
8040038 52304714 550 50 Mensa_Haste
8031536 52274777 550 50 Dr._Krieger
8021579 52274060 550 50 Briefkasten
8021591 52274071 900 50 Briefmarkenautomat
8021284 52274220 250 50 Hertz
8056646 52260808 750 50 City_Fahrschule
8063217 52261811 850 50 Fahrschule_Zimfer
8066171 52260330 2100 50 Forum_Musikalische_Erwachsenenbildung_e.V.
8044985 52266765 700 50 Dr.Karin_Otten
8072067 52272290 750 50 Packstation_148
8076017 52278855 750 50 Packstation_102
8038834 52271163 750 50 Packstation_151
8055062 52276670 1000 50 Aral_Alte_Poststraße
8039469 52276464 1100 50 Osnabrücker_Biercarrée
7979736 52304873 900 50 Westfalen_Apotheke
8042799 52282132 1200 50 Ladestation_Turnerstraße
8031742 52287024 1450 50 Ladestation_An_der_Bornau/DBU
8074628 52275428 400 50 Wellmann
8077383 52279668 300 50 Fähmel
8003477 52276996 1650 50 Klinikum_Osnabrück_-_Privatklinik
8052457 52272970 650 50 ZKI_Osnabrück
8083564 52255925 850 50 Dr._med._Schöning
7950179 52256986 350 50 Wieking
8139323 52309143 900 50 Fahrschule_Lienhop
8060433 52298694 1400 50 Ladestation_Mönkedieckstraße
8054433 52277598 1600 50 Ladestation_Stadtwerke_Osnabrück
8067634 52259526 950 50 Dr._Tatiana_Lamping
8071092 52237877 350 50 Kapelle
8069987 52249567 650 50 3-Seiten-Kino
8062108 52265009 1550 50 Ladestation_Hannoversche_Straße
8054926 52265914 1100 50 Ladestation_Rosenplatz
8082986 52280911 1150 50 Ladestation_Schinkelbad
8018705 52287986 750 50 Ladestation_ICO
8050617 52270917 450 50 Hoang_Gia
8006657 52298178 400 50 Hellmann
8078602 52264090 1700 50 Werkfeuerwehr_Volkswagen_Osnabrück
7965868 52266063 1850 50 ladenetz.de_Ladestation_Taste_Kitchen
8036460 52264164 1050 50 Ladestation_Moskaubad
8003360 52277622 350 50 Kapelle
8003635 52279700 1500 50 Universitätsgebäude_72_(iDerm)
8053523 52274905 2450 50 Evangelische_Freikirche_"Lebensquelle",_Osnabrück
8060881 52259644 1000 50 Dr._Joachim_Hagemann
8055863 52260758 1650 50 Fr._Dr._med._dent._Tanja_Gausmann
8043372 52278424 1150 50 Hausbrauerei_Rampendahl
8043379 52278298 900 50 Plan_B_Musikkneipe
8001652 52317730 2100 50 Volksbank_Bramgau-Wittlage_eG,_Filiale_Pye
8005544 52265483 600 50 Volksbank_OS
8050453 52295033 1100 50 Praxis_Wiese_Metreveli
8041519 52269447 700 50 Dr._Marc_Lamek
8041560 52269459 1150 50 Dr._med._Bernd_Diekhoff
8055079 52264163 800 50 Masjid_Al_Rahman
8057727 52273705 750 50 Mevlana_Moschee
7940957 52266439 1000 50 Landcafé_Am_Goldbach
8055443 52276679 700 50 Aral_SuperWash
8071095 52247267 1200 50 Soziale_Dienste_Handwerk
8075993 52274882 750 50 Linden-Apotheke
8023600 52236012 1100 50 Tagespflege_Birkemeyer
8108566 52265970 1750 50 Medica_Osnabrück_Vertrieb_Westfalen
8115907 52268739 500 50 El_Andaluz
8051619 52272754 3000 50 Kiefer-_Gesichtschirurgische_Praxis_Dr._Dr._Albert_Osterhaus
8045104 52270380 850 50 Unifunk_Osnabrück
8052749 52279961 650 50 Aikido_Schule
8050100 52301304 1800 50 Nettedrom-Gastronomie_(Burger_Biene)
8040671 52283383 850 50 KiTa_Turnerstraße
8044797 52273820 550 50 Ossenbrügge
8032358 52240640 350 50 EisBerg
8028704 52274395 550 50 Fritz_daily
8028704 52274260 950 50 Friedrich_Weinladen
8028703 52274113 1200 50 Friedrich_Genussakademie
8029245 52274609 700 50 Furittsu_Sushi
8032024 52270282 2100 50 Sparkasse_Osnabrück_-_Filiale_Weidencarrée
8047284 52270886 550 50 FaBi-Bistro
8045253 52270460 1250 50 Café_Lounge_Schlossgarten
8013445 52294246 1200 50 Restaurant_im_Hotel_Welp
8031597 52274780 1200 50 Dipl._Psych._B._Matuszak
8037737 52279810 1300 50 Dipl._Psych._Judith_Bäumer
8023894 52269188 1250 50 Diabeteszentrum_Osnabrück
8081630 52302853 1450 50 Quartierstreff_Dodesheide-Ost
8062513 52265974 350 50 BoBeatz
8076700 52260409 300 50 FAST-E
8013328 52294743 750 50 Pizzeria_Napoli
8013186 52294820 950 50 Fahrschule_Moschitz
8016580 52292782 500 50 China_Town
8013742 52294134 1250 50 Volks-_und_Raiffeisenbank
8039550 52276540 1000 50 Joe_Enochs_Sportsbar
8076254 52283785 400 50 burgerme
8075553 52283508 550 50 DHL_Filiale
8077541 52284759 400 50 Pizzeria
8073838 52283645 1800 50 Schwerbehindertenwerkstatt_Osnabrück
8055048 52273166 1000 50 Apotheke_an_der_Hase
8037654 52288892 300 50 Imbiss
8064693 52282053 1300 50 Burger_Biene_„Bienenstock“
8040217 52260328 1500 50 Frauenärztin_Dr._Doris_Proffen
8059577 52271696 1300 50 Ladestation_Bahnhofsgarage
7965803 52266225 1250 50 Tesla_Destination_Charger
7961107 52264440 1250 50 Ladestation_Brauer_Gastro
8050764 52270729 300 50 Alagha
8052443 52268183 400 50 burgerme
8043954 52279172 1200 50 Diözesanarchiv_Osnabrück
8050571 52272959 700 50 Made_in_Bärlin
8027681 52296627 1700 50 K.A.F.F._-_Kulturverein_Petersburg
8043190 52275891 650 50 Die_Laterne_2
8023851 52290718 150 50 Jet
8017630 52293708 550 50 Wok_Express
8017162 52293656 650 50 Vita_Apotheke
8062434 52246536 600 50 Asiasushibar
8063330 52246215 900 50 Marktkauf_Mobility
7985857 52261528 1100 50 Apotheke_im_Grünen_Tal
8039375 52300770 300 50 Subway
8050129 52301877 1250 50 Ladenetz_Station_Nettebad
8073414 52260427 550 50 Escape_Room
8048502 52274782 1000 50 Ice_Cream_by_Lorenzo
7942521 52313528 800 50 Pizza_Kebab_Haus
8125865 52303029 400 50 San_Remo
8063904 52272499 2250 50 VHS_Osnabrück_-_Zweigstelle_Franz-Lenz-Straße
8098560 52238757 2200 50 Bank_gestiftet_vom_Bürgerverein_Voxtrup_e.V.
8046425 52275658 950 50 The_Bulldog_OS-City
8046133 52275723 950 50 Herr_von_Butterkeks
8037079 52281717 450 50 Volksbank
8128226 52269616 150 50 IKO
8044156 52274344 1150 50 Redlinger's_Deli_&_Café
8044060 52274751 200 50 Saro
8044016 52274564 1050 50 Bio_Pommes-Manufaktur
8042296 52280284 1300 50 Ladestation_Vitihof-Garage
8043915 52276274 650 50 Ichiban_Sushi
8049989 52277484 700 50 Garbo_Kinocafé
8100906 52267583 500 50 Buchbinder
8037887 52269033 950 50 Tiefgarage_MediPark
8044460 52274840 200 50 Doma
8094767 52254126 150 50 DHL
8059267 52271958 400 50 Postbank
8046275 52266607 2850 50 Spielstube_-_Kindertagesstätte_Deutscher_Kinderschutzbund
8046418 52266679 1300 50 Kinderschutzbund_Osnabrück
8023676 52236740 2150 50 Dr._Christian_Unnewehr_-_Alexander_Schöning
8032684 52301824 500 50 Fürstenhof
7964350 52265705 250 50 Total
8037316 52242747 1250 50 NewMotion_Am_Wulfter_Turm
8025428 52270336 1750 50 Postfiliale_„Schreiben_und_Träumen“
8096849 52255323 400 50 Dionysos
8031841 52241173 1350 50 Kleintierpraxis_Stührenberg
8028400 52234510 750 50 City_Fahrschule
8080871 52254928 850 50 Jellinghausstraße
8043782 52280831 300 50 Ornina
8037842 52302878 2150 50 Hochschule_Osnabrück_-_Teilbibliothek_Haste
8032432 52286314 900 50 Bibliothek_der_DBU
8064792 52247246 1550 50 ladenetz_Station_Im_Nahner_Feld
8013985 52282508 1050 50 Biergarten_am_Büdchen
7963425 52265798 500 50 McDonald's
8054910 52263433 500 50 Osna_Grill
8053295 52266649 400 50 Diner_24
8050992 52295636 1200 50 Saxophonschule_Osnabrück
8058928 52263861 250 50 N'Ice
8079549 52291910 1400 50 Parkplatz_Bauernhof_Luhrmann
8040500 52276670 400 50 Amodomio
8076283 52284276 1050 50 Hals-Nasen-Ohren-Arzt
8078558 52285403 400 50 Phi_Long
7970808 52264035 850 50 IKEA_E-Tankstelle
8038547 52283260 800 50 Cantina_española
8008752 52315135 1150 50 Café_im_Industriemuseum
8126212 52302367 950 50 Polizeistation_Belm
8126358 52302445 300 50 Le_Feu
8048371 52269161 500 50 Sausalitos
8008685 52264914 2000 50 Ladenetz_Station_Blumenhaller_Weg/Beresa
8069380 52246847 1300 50 Ladenetz_Station_Kreishaus
8125580 52303168 900 50 innogy_Ladestation
8133963 52299794 900 50 innogy_Ladestation
8018861 52270925 1050 50 Hort_in_der_Weststadt
8053103 52267057 800 50 Hermes_Paketshop
8059884 52268413 300 50 Brücks
8058505 52268100 450 50 Holy_Poly
8040761 52278556 700 50 DiakonieBISTRO
8056745 52300489 1250 50 Haus_Bodelschwingh-Straße
8049728 52265589 1150 50 Haus_Koksche_Straße_HHO
8049077 52263047 3500 50 Ambulante_Assistenz_Sutthauser_Straße_und_Nachbarschaftstreffpunkt_HHO
8036236 52299592 3450 50 Ambulante_Assistenz_Bramscher_straße_und_Nachbarschaftstreffpunkt_HHO
8073491 52274978 1550 50 Ambulante_psychiatrische_Pflege
8057994 52270743 1500 50 Bildungs-_und_Freizeitwerk_HHO
8055019 52271318 1450 50 Caféteria_-_BBS_am_Pottgraben
8048618 52260515 1550 50 Caféteria_-_BBS_Brinkstraße_HHO
8060154 52255402 1550 50 Caféteria_-_BBS_Schölerberg_HHO
8036216 52283510 2250 50 Caféteria_-_Berufsschulzentrum_Westerberg_HHO
8046170 52278006 1250 50 Caféteria_-_Carolinum_HHO
8050224 52259534 2150 50 Caféteria_-_Graf-Stauffenberg_Gymnasium_HHO
8023413 52265598 1550 50 Caféteria_-_Gymnasium_Wüste_HHO
8028119 52287606 1000 50 Caféteria_-_Mölk_HHO
8103985 52297360 3000 50 Institutsambulanz_und_Frühförderung_und_Entwicklungsberatung
8059357 52293701 1350 50 Caféteria_-_Sonnenhügel_HHO
8057979 52289394 1650 50 Kindertagesstätte_Schatzkiste_HHO
8056829 52262319 1150 50 Haus_Osningstraße_6_HHO
8056467 52262230 1150 50 Haus_Osningstraße_5_HHO
8043561 52251170 1000 50 Haus_Bergershöhe_HHO
8028159 52270470 950 50 DHL_Packstation_119
8013340 52294354 1900 50 NOZ_Medien_Kinderbetreuung_"Eulennest"
8042534 52278387 1250 50 Evangelische_Kinderkrippe
8032045 52271063 1250 50 PD_Dr._Cornelius_Bachmann
8052920 52271434 1000 50 Niels-Stensen-Krippe
8034945 52300485 400 50 Rohlfing
7970740 52263335 750 50 IKEA_Restaurant
8064206 52263665 600 50 Cordoba_e.V.
8101012 52251964 800 50 Brunnen-Apotheke
8103435 52252108 2100 50 Gemeinschaftspraxis_Dres._med._Kellersmann
8043721 52280207 450 50 Taj_Mahal
8044973 52280979 850 50 Altglas-Container
7958668 52242730 1250 50 Frauenarztpraxis_Niemeyer
8020052 52284226 1450 50 Kindertagesstätte_„Fingerhut“
8022993 52286059 1050 50 Bibliothek_Westerberg
8073982 52275766 1400 50 allego_Ladestation_Rosenburg
7970837 52263730 450 50 Bratwurst
8026884 52296912 350 50 dock_49
8043685 52277982 350 50 Gewölbe
8037839 52288550 1350 50 Gemeinde_Neue_Hoffnung_e.V.
8042913 52275885 1650 50 Nola_Neapolitanische_Pizza_&_Wein
7983498 52237325 900 50 Schirmbeck-Hunsche
7964701 52264189 600 50 Gaste_Garage
8043874 52259620 1650 50 Dr._med._Meinolph_Büscher-Niemann
8056794 52273236 350 50 Bul'Var
8050570 52278138 250 50 Carls
8050290 52273011 550 50 Buddha_Bowl
8044871 52273923 500 50 dean&david
8066640 52284288 1600 50 Ausweichparkplatz_Halle_Gartlage
8082586 52258684 1650 50 Blue_Heaven_Billard_&_Café_Lounge
8004851 52291686 1250 50 Infektiologisches_Zentrum
8057902 52273644 500 50 Bon_Voyage
8043839 52276354 1100 50 Safran_persische_Küche
8001697 52265907 900 50 TÜV_SÜD-Prüfstelle
7996010 52268471 1750 50 Tiermedizinisches_Zentrum_Osnabrück
8066637 52255666 1800 50 Gartenabfallplatz_Hanns-Braun_Straße
8115484 52294869 400 50 Sitzbank
8118370 52271871 400 50 Sitzbank
8082590 52247952 1150 50 Sitzbank_Brüningsquelle
8136088 52234701 750 50 Last_uns_sitzen
8138943 52235310 400 50 Sitzbank
8118602 52271974 400 50 Sitzbank
8040406 52269578 1300 50 Der_Paritätische_Osnabrück
8034879 52272676 300 50 Edinas
8032700 52262560 550 50 Die_Scholle
8036058 52271524 750 50 Pizzeria_Di_Leo
8022061 52270040 600 50 Q1_Autostrom
8125829 52303075 500 50 Star_Döner
8075617 52277830 1300 50 Ambulante_Pflege_Brinkmann
8083550 52286792 1850 50 Die_Arche_-_Kindertreff_Bremer_Straße
8033923 52298131 3350 50 Studienseminar_Osnabrück_für_das_Lehramt_an_berufsbildenden_Schulen
8082306 52265675 950 50 Pflegedienst_VISITA
8036430 52271090 500 50 Dana_Ladig
8097810 52249273 1350 50 Holsten-Mündruper-Straße_54
8053110 52267704 900 50 JohannisBier-Stube
8043454 52281099 400 50 Heimlich
8002990 52266198 600 50 OrthoHellern
8044073 52274037 1200 50 Elle’s_Coffee_&_Soulfood
8027340 52296360 400 50 Mellow's
8027263 52296460 400 50 Joliente
8034502 52297382 1700 50 Volksbank_Osnabrück_-_Hauptfiliale
8023191 52291743 700 50 Gourmet_Tempel
8037586 52278932 300 50 Joseph
8054326 52273359 350 50 Ichiban
8069813 52249214 1050 50 Planetarium_Osnabrück
8024026 52291362 300 50 Subway
8042824 52276529 650 50 PSD_Bank_Nord
8006245 52265909 950 50 DHL_Packstation_182
7981454 52300968 1900 50 Freie_Montessori-Grundschule_Osnabrück
7981499 52301246 2200 50 Städtische_KiTa_Landwehr_(Übergangsstandort)
