4040
-42 -52 8 13 Point_0
-44 95 21 14 Point_1
-79 49 16 12 Point_2
-49 -54 12 20 Point_3
-85 -77 23 13 Point_4
-31 -45 7 20 Point_5
-32 26 23 1 Point_6
-70 -38 19 2 Point_7
91 -34 23 17 Point_8
92 1 19 5 Point_9
30 52 3 21 Point_10
-61 74 1 25 Point_11
24 -63 17 7 Point_12
36 -52 18 3 Point_13
-42 -41 14 9 Point_14
42 -72 16 24 Point_15
89 -8 23 6 Point_16
-63 12 19 18 Point_17
-50 -97 24 22 Point_18
-36 92 24 17 Point_19
-53 2 8 2 Point_20
-95 -12 10 19 Point_21
-74 47 12 9 Point_22
18 77 22 18 Point_23
-71 15 22 1 Point_24
13 71 14 16 Point_25
28 -22 20 23 Point_26
-19 -49 10 4 Point_27
95 -37 22 2 Point_28
-50 -50 5 8 Point_29
1 -5 23 7 Point_30
-56 -24 4 5 Point_31
56 -19 14 9 Point_32
32 -38 21 7 Point_33
74 -2 22 3 Point_34
-65 63 25 17 Point_35
-6 12 4 16 Point_36
52 46 16 22 Point_37
12 -34 15 3 Point_38
-88 -97 12 2 Point_39
-99 22 17 4 Point_40
-99 92 11 6 Point_41
-34 -89 8 3 Point_42
-27 67 19 1 Point_43
-26 -75 12 15 Point_44
10 -13 19 8 Point_45
-57 -10 11 1 Point_46
98 66 15 19 Point_47
50 92 21 8 Point_48
1 51 17 9 Point_49
3 -20 24 12 Point_50
97 -10 12 22 Point_51
-94 -82 21 10 Point_52
16 -47 24 25 Point_53
94 -20 1 5 Point_54
-13 61 8 8 Point_55
-93 -24 4 24 Point_56
100 -22 4 25 Point_57
-64 -17 11 12 Point_58
-32 98 19 18 Point_59
-20 -54 12 13 Point_60
-1 -35 2 14 Point_61
99 -27 17 12 Point_62
79 75 23 13 Point_63
-7 36 4 18 Point_64
19 -93 19 24 Point_65
-52 32 14 11 Point_66
87 -67 18 10 Point_67
73 68 6 8 Point_68
57 9 13 12 Point_69
36 90 12 21 Point_70
-37 49 5 14 Point_71
91 -45 14 7 Point_72
55 -15 5 13 Point_73
-97 -6 19 15 Point_74
23 28 15 15 Point_75
-76 -93 14 15 Point_76
49 -7 5 17 Point_77
14 -78 25 8 Point_78
-25 42 16 21 Point_79
88 -78 25 1 Point_80
-40 -6 6 1 Point_81
-75 43 25 8 Point_82
-10 -30 3 14 Point_83
19 -5 8 16 Point_84
73 -59 22 10 Point_85
45 -50 24 1 Point_86
-18 29 18 14 Point_87
-47 53 16 21 Point_88
-32 -14 24 24 Point_89
82 -65 3 9 Point_90
-69 -47 21 5 Point_91
21 20 1 25 Point_92
-99 73 17 16 Point_93
-24 82 19 18 Point_94
13 -7 22 22 Point_95
-58 -28 18 24 Point_96
-50 -7 4 22 Point_97
87 19 19 23 Point_98
-96 -10 10 14 Point_99
-83 -97 18 11 Point_100
60 19 2 18 Point_101
-7 -78 18 19 Point_102
-70 -41 18 15 Point_103
10 -10 24 10 Point_104
93 84 19 9 Point_105
-11 -80 21 2 Point_106
19 38 23 13 Point_107
-12 6 21 19 Point_108
18 -63 16 18 Point_109
-47 -47 23 2 Point_110
-94 45 14 3 Point_111
-93 55 9 24 Point_112
69 98 8 21 Point_113
-65 -97 12 11 Point_114
22 -93 13 24 Point_115
44 -42 18 6 Point_116
89 84 1 4 Point_117
-3 -40 2 15 Point_118
12 24 17 10 Point_119
-90 -20 11 3 Point_120
1 -17 10 22 Point_121
-49 46 15 23 Point_122
-53 8 15 24 Point_123
49 16 25 4 Point_124
-88 -74 13 10 Point_125
-54 -38 18 8 Point_126
29 -36 6 3 Point_127
31 70 4 17 Point_128
25 89 10 3 Point_129
-66 71 4 4 Point_130
-28 72 1 2 Point_131
46 30 7 20 Point_132
63 -96 23 15 Point_133
17 42 25 19 Point_134
33 -60 13 8 Point_135
-19 15 7 1 Point_136
0 83 23 8 Point_137
-9 -75 20 2 Point_138
-13 2 23 22 Point_139
12 20 8 11 Point_140
70 -15 20 19 Point_141
-57 -59 24 9 Point_142
9 -100 23 10 Point_143
-42 98 24 2 Point_144
-8 -33 6 6 Point_145
-48 51 8 22 Point_146
-61 -92 4 16 Point_147
-22 -70 20 6 Point_148
1 85 18 25 Point_149
47 80 25 1 Point_150
27 47 15 2 Point_151
-79 -91 25 15 Point_152
-73 3 13 23 Point_153
93 1 23 24 Point_154
-30 48 3 7 Point_155
-20 -44 11 13 Point_156
-78 -14 15 25 Point_157
-96 -69 20 14 Point_158
7 81 11 3 Point_159
-38 71 8 5 Point_160
-66 100 5 7 Point_161
82 50 21 10 Point_162
4 -46 4 23 Point_163
-71 -87 24 13 Point_164
43 84 20 20 Point_165
-7 -61 14 5 Point_166
46 81 16 7 Point_167
68 7 12 14 Point_168
-89 92 17 13 Point_169
-17 24 23 18 Point_170
-46 81 24 8 Point_171
-67 -100 8 3 Point_172
-55 42 5 7 Point_173
-48 -92 21 17 Point_174
-49 83 22 12 Point_175
30 5 16 22 Point_176
-89 -17 23 10 Point_177
40 27 13 9 Point_178
-14 -34 11 1 Point_179
42 17 16 3 Point_180
-81 14 8 3 Point_181
42 48 10 12 Point_182
-29 -34 25 2 Point_183
-15 9 7 24 Point_184
95 -41 7 25 Point_185
-32 10 12 20 Point_186
92 -73 15 10 Point_187
99 6 17 4 Point_188
95 -66 3 4 Point_189
14 -13 7 21 Point_190
-77 62 5 15 Point_191
59 78 3 4 Point_192
-71 -71 17 24 Point_193
-100 45 20 9 Point_194
-11 -40 5 1 Point_195
-26 -8 6 25 Point_196
-16 -42 5 23 Point_197
97 18 18 24 Point_198
-30 50 13 21 Point_199
-68 92 6 21 Point_200
100 91 18 7 Point_201
12 -37 15 12 Point_202
-11 34 3 18 Point_203
77 75 15 21 Point_204
-31 45 7 8 Point_205
2 87 9 9 Point_206
42 -9 25 25 Point_207
74 71 9 10 Point_208
-24 81 4 4 Point_209
-39 -96 7 20 Point_210
-6 -26 20 8 Point_211
-94 -49 20 13 Point_212
45 1 22 7 Point_213
-52 88 6 19 Point_214
-44 -26 9 20 Point_215
-81 13 6 13 Point_216
-5 -46 9 21 Point_217
-63 55 8 12 Point_218
-44 -25 7 2 Point_219
-1 45 1 3 Point_220
-32 -45 18 7 Point_221
-3 84 12 10 Point_222
42 0 2 24 Point_223
-62 39 16 8 Point_224
-42 1 25 7 Point_225
66 72 16 9 Point_226
-83 35 4 1 Point_227
59 -48 17 11 Point_228
62 -99 1 9 Point_229
-10 -82 18 1 Point_230
-18 13 20 3 Point_231
75 -37 23 13 Point_232
53 99 1 5 Point_233
-69 -73 16 9 Point_234
-33 100 25 10 Point_235
-41 -32 14 12 Point_236
2 9 2 16 Point_237
-95 31 12 11 Point_238
-89 -91 19 25 Point_239
-95 -18 11 23 Point_240
-50 24 18 25 Point_241
-95 -7 13 14 Point_242
-7 -45 5 11 Point_243
7 57 3 25 Point_244
42 28 20 2 Point_245
-64 -50 25 22 Point_246
8 45 22 20 Point_247
-47 5 20 6 Point_248
29 57 3 14 Point_249
15 23 12 15 Point_250
35 19 5 7 Point_251
-24 62 23 8 Point_252
18 26 1 22 Point_253
-25 -29 21 10 Point_254
80 40 22 2 Point_255
91 3 13 15 Point_256
-12 -56 15 3 Point_257
-96 -8 10 12 Point_258
58 15 15 8 Point_259
86 -48 1 8 Point_260
-43 -53 22 20 Point_261
-6 -28 5 10 Point_262
12 -51 18 16 Point_263
60 -20 5 19 Point_264
24 92 4 22 Point_265
-3 -63 13 18 Point_266
4 -2 8 2 Point_267
90 -36 9 25 Point_268
27 -97 19 10 Point_269
-19 93 22 18 Point_270
-86 -70 15 18 Point_271
-19 -50 7 21 Point_272
-9 -50 24 11 Point_273
-88 85 2 24 Point_274
6 -18 16 3 Point_275
-42 88 2 8 Point_276
8 98 13 13 Point_277
-21 89 13 12 Point_278
-72 54 4 14 Point_279
-80 -23 12 25 Point_280
85 79 15 15 Point_281
7 75 4 19 Point_282
-56 1 24 9 Point_283
38 31 15 11 Point_284
9 6 14 5 Point_285
-92 -56 19 17 Point_286
-80 -84 10 3 Point_287
-48 89 21 15 Point_288
24 -30 10 21 Point_289
1 38 5 19 Point_290
50 84 2 23 Point_291
-80 -73 18 7 Point_292
-9 96 15 22 Point_293
-47 -48 14 8 Point_294
80 -68 9 16 Point_295
40 9 25 17 Point_296
-18 48 15 13 Point_297
-22 79 20 7 Point_298
-1 -34 7 4 Point_299
-43 -43 23 9 Point_300
42 -26 5 15 Point_301
-23 -35 1 21 Point_302
-96 -10 18 23 Point_303
27 -65 7 22 Point_304
-84 -31 23 15 Point_305
-91 -47 11 8 Point_306
29 43 23 7 Point_307
-8 90 11 11 Point_308
40 86 6 22 Point_309
-85 -34 24 15 Point_310
-79 32 19 21 Point_311
60 71 14 2 Point_312
-3 44 13 4 Point_313
93 -32 15 7 Point_314
76 12 6 13 Point_315
62 38 14 5 Point_316
-61 16 1 21 Point_317
2 -35 5 10 Point_318
-68 36 4 18 Point_319
73 -97 4 23 Point_320
-94 -97 3 14 Point_321
93 83 18 9 Point_322
2 10 5 12 Point_323
-71 -49 14 17 Point_324
-11 -97 2 6 Point_325
99 97 18 3 Point_326
-19 46 4 25 Point_327
-30 1 21 23 Point_328
86 79 21 10 Point_329
-61 97 12 12 Point_330
32 -40 16 2 Point_331
42 57 2 3 Point_332
63 -56 1 17 Point_333
47 -98 4 15 Point_334
-87 -86 21 15 Point_335
-85 -19 22 18 Point_336
-51 63 21 9 Point_337
11 -39 10 23 Point_338
61 71 4 12 Point_339
-82 -94 12 22 Point_340
-12 -84 4 21 Point_341
8 16 17 5 Point_342
-75 44 21 18 Point_343
86 -1 5 20 Point_344
47 6 25 19 Point_345
-92 -15 20 13 Point_346
41 54 2 3 Point_347
-66 100 13 6 Point_348
81 80 13 1 Point_349
-48 -95 23 18 Point_350
-13 32 10 1 Point_351
-85 34 1 25 Point_352
-38 85 1 15 Point_353
-91 -97 1 11 Point_354
15 -13 4 19 Point_355
20 -6 17 5 Point_356
-25 41 2 1 Point_357
70 43 15 6 Point_358
-21 -9 16 16 Point_359
-14 -4 7 2 Point_360
-29 -50 10 9 Point_361
-57 15 12 16 Point_362
-41 74 1 7 Point_363
-49 -49 15 23 Point_364
-13 -49 15 3 Point_365
16 -68 5 4 Point_366
-62 0 14 7 Point_367
-92 82 10 24 Point_368
87 95 14 3 Point_369
-39 12 3 6 Point_370
-70 -31 6 9 Point_371
-21 -26 25 8 Point_372
-88 73 22 20 Point_373
11 -35 20 4 Point_374
-14 77 14 3 Point_375
53 -60 21 8 Point_376
54 91 25 16 Point_377
-60 -44 7 2 Point_378
60 -42 19 19 Point_379
51 51 2 21 Point_380
-46 -1 21 6 Point_381
-47 33 13 9 Point_382
-43 -57 23 9 Point_383
68 -5 7 16 Point_384
-37 -58 7 22 Point_385
26 -8 1 17 Point_386
-3 2 22 15 Point_387
60 -86 21 7 Point_388
-38 -59 6 20 Point_389
74 77 9 15 Point_390
85 -9 25 25 Point_391
89 -8 8 24 Point_392
46 16 3 7 Point_393
-98 0 3 6 Point_394
20 -49 16 6 Point_395
94 43 23 13 Point_396
-63 37 5 5 Point_397
15 -44 25 10 Point_398
41 72 3 15 Point_399
81 -20 21 4 Point_400
95 78 18 9 Point_401
-32 -59 6 25 Point_402
-85 74 6 22 Point_403
9 -12 22 24 Point_404
50 62 24 10 Point_405
-91 -49 21 18 Point_406
-85 -47 7 25 Point_407
-48 -15 22 17 Point_408
-89 -19 2 11 Point_409
-9 -43 21 4 Point_410
-65 -48 12 5 Point_411
16 68 21 25 Point_412
47 -80 25 23 Point_413
-33 6 7 1 Point_414
62 98 25 3 Point_415
4 -2 18 21 Point_416
13 94 23 8 Point_417
52 -1 7 12 Point_418
-95 -73 9 4 Point_419
23 -5 1 14 Point_420
65 64 3 15 Point_421
-43 -59 8 10 Point_422
76 -27 20 13 Point_423
28 -84 9 10 Point_424
52 -70 6 24 Point_425
-51 31 13 12 Point_426
15 -30 25 3 Point_427
-14 -72 15 7 Point_428
-23 22 21 24 Point_429
-14 83 16 3 Point_430
26 -12 6 16 Point_431
6 -67 6 15 Point_432
2 -39 19 16 Point_433
96 -2 16 16 Point_434
94 1 7 13 Point_435
92 -80 14 13 Point_436
-63 -71 25 25 Point_437
-28 48 3 17 Point_438
-86 -31 24 20 Point_439
-49 14 10 17 Point_440
-94 -6 21 25 Point_441
84 -4 24 17 Point_442
-61 32 12 12 Point_443
94 8 2 12 Point_444
84 -63 4 25 Point_445
-61 24 19 1 Point_446
8 1 4 11 Point_447
-33 38 12 24 Point_448
93 -97 11 1 Point_449
9 56 3 10 Point_450
-32 48 19 24 Point_451
24 100 4 4 Point_452
22 12 11 10 Point_453
8 -26 7 2 Point_454
-33 -54 11 23 Point_455
72 -80 25 23 Point_456
86 -6 3 4 Point_457
-36 1 14 23 Point_458
71 -11 15 20 Point_459
38 35 1 11 Point_460
-59 50 7 21 Point_461
61 62 10 6 Point_462
-62 -12 2 23 Point_463
86 -29 7 22 Point_464
93 91 25 11 Point_465
84 59 13 13 Point_466
-86 79 5 15 Point_467
27 73 4 3 Point_468
-77 37 5 17 Point_469
-80 85 19 4 Point_470
26 46 17 6 Point_471
-56 -96 13 23 Point_472
33 -6 24 18 Point_473
-91 -8 15 23 Point_474
26 -30 22 9 Point_475
64 -77 20 11 Point_476
14 16 20 2 Point_477
0 86 11 1 Point_478
64 -20 5 14 Point_479
-81 78 9 13 Point_480
59 26 11 7 Point_481
-93 -87 17 22 Point_482
89 -76 5 14 Point_483
9 91 16 22 Point_484
-19 -53 24 11 Point_485
-9 -94 2 1 Point_486
-98 -51 23 12 Point_487
86 92 20 8 Point_488
82 43 25 23 Point_489
-1 93 4 12 Point_490
-69 -8 6 18 Point_491
-73 66 12 24 Point_492
-31 -79 18 15 Point_493
-28 33 9 23 Point_494
-93 -94 7 10 Point_495
-96 24 23 3 Point_496
-51 45 9 5 Point_497
53 -35 8 11 Point_498
-30 -39 16 22 Point_499
72 99 3 17 Point_500
-97 -21 8 3 Point_501
15 29 9 23 Point_502
13 -29 15 22 Point_503
-41 -17 6 2 Point_504
23 -70 21 3 Point_505
-60 -28 15 7 Point_506
92 96 4 16 Point_507
-75 -1 11 1 Point_508
-32 27 7 23 Point_509
-100 -9 13 4 Point_510
-32 76 24 17 Point_511
-65 87 16 11 Point_512
-5 27 8 2 Point_513
56 64 2 15 Point_514
-36 -35 22 10 Point_515
14 25 17 5 Point_516
100 -79 7 9 Point_517
-5 85 1 1 Point_518
-56 80 7 6 Point_519
-30 -71 2 22 Point_520
-97 31 2 22 Point_521
3 -78 1 4 Point_522
31 -97 23 25 Point_523
100 93 2 7 Point_524
-5 24 3 14 Point_525
-12 -15 5 11 Point_526
54 -97 4 5 Point_527
77 12 8 20 Point_528
-96 -88 9 13 Point_529
-11 -67 24 5 Point_530
-100 62 19 5 Point_531
-13 -86 20 23 Point_532
-37 -52 8 20 Point_533
27 -97 21 23 Point_534
-51 -46 15 1 Point_535
32 33 3 14 Point_536
46 85 4 22 Point_537
-90 -77 23 17 Point_538
17 -76 24 21 Point_539
-43 5 14 9 Point_540
66 -62 23 22 Point_541
51 -93 19 5 Point_542
86 27 19 6 Point_543
15 -12 9 15 Point_544
-57 2 2 14 Point_545
-58 -40 10 13 Point_546
-2 1 14 17 Point_547
-67 26 23 19 Point_548
65 -8 20 5 Point_549
89 -4 19 6 Point_550
-51 11 13 1 Point_551
33 96 15 2 Point_552
-7 79 21 22 Point_553
60 -66 6 13 Point_554
14 75 21 10 Point_555
20 -30 2 4 Point_556
-74 86 11 7 Point_557
-61 -63 14 11 Point_558
88 85 15 14 Point_559
98 83 24 11 Point_560
-96 -54 24 22 Point_561
-63 -44 24 7 Point_562
53 63 11 12 Point_563
4 -9 15 2 Point_564
18 100 8 22 Point_565
-78 -97 20 11 Point_566
-40 97 14 19 Point_567
-87 -50 5 17 Point_568
-50 -60 1 10 Point_569
-63 -68 12 23 Point_570
-61 38 1 22 Point_571
52 84 2 14 Point_572
-61 39 15 7 Point_573
39 -59 18 18 Point_574
-10 -27 1 23 Point_575
-22 19 15 12 Point_576
96 23 19 1 Point_577
92 38 20 14 Point_578
-48 52 25 23 Point_579
-64 -16 7 1 Point_580
1 35 22 8 Point_581
6 -15 12 17 Point_582
-36 7 11 2 Point_583
69 -10 9 24 Point_584
-68 -16 20 23 Point_585
75 84 19 3 Point_586
93 -35 3 7 Point_587
74 -85 8 22 Point_588
-67 20 9 13 Point_589
-39 9 14 1 Point_590
26 -19 17 7 Point_591
29 -72 2 10 Point_592
-11 -75 20 18 Point_593
-70 -89 10 13 Point_594
46 54 2 17 Point_595
44 68 15 3 Point_596
79 89 3 4 Point_597
-47 16 3 7 Point_598
61 25 2 17 Point_599
-53 -56 14 14 Point_600
-98 80 19 24 Point_601
-66 -91 8 8 Point_602
58 39 22 13 Point_603
-90 -14 19 13 Point_604
91 -12 5 17 Point_605
-74 95 13 9 Point_606
-36 -46 15 1 Point_607
60 63 25 11 Point_608
43 -44 15 24 Point_609
-25 85 21 4 Point_610
-37 -90 10 24 Point_611
-58 0 22 20 Point_612
73 -44 14 19 Point_613
60 66 17 8 Point_614
18 -9 8 24 Point_615
-47 84 7 14 Point_616
65 -84 7 9 Point_617
37 84 7 12 Point_618
-95 29 19 22 Point_619
63 54 23 6 Point_620
-78 68 23 1 Point_621
90 -47 20 15 Point_622
64 84 17 2 Point_623
-38 99 1 23 Point_624
-51 8 10 16 Point_625
-9 61 14 18 Point_626
-88 -50 1 9 Point_627
92 39 22 12 Point_628
-52 -7 6 21 Point_629
17 19 10 1 Point_630
-59 -77 5 12 Point_631
10 44 19 23 Point_632
-79 34 9 14 Point_633
67 59 22 15 Point_634
37 6 21 23 Point_635
14 64 5 25 Point_636
74 16 23 4 Point_637
56 50 17 11 Point_638
-66 -7 15 12 Point_639
38 -89 13 17 Point_640
79 75 15 9 Point_641
-38 69 7 22 Point_642
64 -26 11 17 Point_643
-2 -32 9 8 Point_644
13 43 6 25 Point_645
-59 10 22 1 Point_646
7 -43 10 3 Point_647
-1 88 5 24 Point_648
48 -88 25 16 Point_649
-18 -65 6 9 Point_650
-53 17 22 2 Point_651
-37 50 2 24 Point_652
-45 12 16 10 Point_653
-55 83 14 17 Point_654
-80 83 6 25 Point_655
69 -51 24 15 Point_656
-32 -60 14 6 Point_657
-52 72 6 6 Point_658
62 -47 18 19 Point_659
-23 37 11 7 Point_660
14 -13 20 7 Point_661
62 -70 22 10 Point_662
45 -8 7 1 Point_663
51 0 1 8 Point_664
-28 84 6 8 Point_665
-22 63 20 11 Point_666
-23 14 4 9 Point_667
13 44 6 15 Point_668
79 30 25 9 Point_669
-19 63 25 10 Point_670
-14 -79 1 12 Point_671
20 -26 15 1 Point_672
-46 59 2 4 Point_673
-58 -50 9 22 Point_674
61 -22 7 23 Point_675
71 30 21 13 Point_676
-27 -74 2 19 Point_677
-60 -57 18 10 Point_678
-99 36 13 11 Point_679
-8 -76 3 17 Point_680
-60 81 8 8 Point_681
73 -8 25 6 Point_682
89 -94 4 18 Point_683
20 -95 17 22 Point_684
-51 69 16 6 Point_685
-41 32 17 3 Point_686
-19 -77 13 12 Point_687
7 -17 22 21 Point_688
35 -19 19 11 Point_689
68 67 7 18 Point_690
99 -5 19 19 Point_691
41 68 4 16 Point_692
3 -1 8 16 Point_693
-97 67 25 3 Point_694
-98 -60 14 20 Point_695
93 -41 22 2 Point_696
1 80 22 8 Point_697
-80 95 3 5 Point_698
97 98 21 16 Point_699
-35 -62 7 8 Point_700
27 -16 9 19 Point_701
66 -8 6 7 Point_702
-64 77 9 13 Point_703
15 9 16 4 Point_704
-47 1 18 4 Point_705
33 58 13 6 Point_706
-44 -26 16 4 Point_707
-84 -9 7 23 Point_708
-96 25 12 11 Point_709
-36 20 17 2 Point_710
-61 57 21 3 Point_711
15 53 8 16 Point_712
-67 -17 4 12 Point_713
-53 26 19 21 Point_714
15 63 25 22 Point_715
-40 -66 7 14 Point_716
-77 33 15 5 Point_717
92 29 2 20 Point_718
-58 75 18 15 Point_719
-97 23 12 7 Point_720
88 52 5 18 Point_721
-59 -32 18 25 Point_722
-21 -30 2 15 Point_723
97 -26 1 11 Point_724
-80 -14 13 15 Point_725
-38 -41 12 18 Point_726
4 -76 22 6 Point_727
-72 -83 12 2 Point_728
-55 -10 9 13 Point_729
53 -83 17 21 Point_730
57 -16 16 20 Point_731
-50 14 15 15 Point_732
51 91 7 13 Point_733
22 34 5 13 Point_734
-12 88 16 24 Point_735
-75 46 21 1 Point_736
82 32 18 5 Point_737
-63 -81 15 13 Point_738
98 6 16 9 Point_739
-64 95 12 18 Point_740
-97 27 6 13 Point_741
-80 -8 20 20 Point_742
17 77 16 20 Point_743
-12 98 7 14 Point_744
68 -40 4 1 Point_745
96 48 6 17 Point_746
47 1 24 5 Point_747
74 28 24 19 Point_748
-6 19 23 21 Point_749
93 -59 12 10 Point_750
-59 -36 7 17 Point_751
61 53 24 23 Point_752
-4 -44 9 18 Point_753
-40 -75 13 8 Point_754
-15 -13 22 2 Point_755
9 77 19 22 Point_756
-24 -81 22 8 Point_757
64 -57 16 8 Point_758
-29 11 11 23 Point_759
22 -3 15 22 Point_760
34 -29 22 6 Point_761
94 -65 19 1 Point_762
66 -2 17 9 Point_763
-65 -76 22 23 Point_764
95 -85 8 10 Point_765
-59 -11 6 11 Point_766
-90 -100 3 22 Point_767
-23 -25 18 4 Point_768
-100 -42 11 5 Point_769
44 -100 25 6 Point_770
-90 13 16 23 Point_771
60 -22 4 16 Point_772
83 -23 8 1 Point_773
84 -87 1 2 Point_774
53 65 17 21 Point_775
18 -43 6 10 Point_776
93 95 9 1 Point_777
-34 -39 3 4 Point_778
-81 48 5 2 Point_779
62 84 23 19 Point_780
-58 0 10 9 Point_781
-26 6 22 10 Point_782
63 -14 19 21 Point_783
-63 71 18 4 Point_784
-11 80 9 5 Point_785
-34 -70 22 19 Point_786
45 81 6 19 Point_787
60 -83 16 24 Point_788
-82 -71 24 21 Point_789
53 -80 13 15 Point_790
-66 88 7 1 Point_791
11 17 25 9 Point_792
43 -59 5 1 Point_793
93 -59 13 25 Point_794
-14 -16 17 13 Point_795
-41 -16 3 25 Point_796
-63 100 18 5 Point_797
99 -25 4 18 Point_798
-16 -60 7 23 Point_799
20 -25 22 18 Point_800
-91 -13 15 4 Point_801
3 99 6 11 Point_802
-15 85 18 21 Point_803
81 -54 17 25 Point_804
-72 24 17 12 Point_805
46 -42 2 9 Point_806
-93 -96 3 18 Point_807
-56 41 7 20 Point_808
45 -27 6 14 Point_809
-20 -71 7 18 Point_810
64 27 24 10 Point_811
37 -83 23 16 Point_812
98 74 16 11 Point_813
-91 23 14 23 Point_814
-65 80 6 24 Point_815
-26 88 14 21 Point_816
87 -63 4 14 Point_817
39 32 25 15 Point_818
-35 7 12 20 Point_819
-33 100 8 4 Point_820
70 -82 14 25 Point_821
-88 -37 21 4 Point_822
-41 -75 4 15 Point_823
-9 -64 16 14 Point_824
-52 -62 3 7 Point_825
61 62 25 2 Point_826
7 -30 9 14 Point_827
49 57 19 18 Point_828
17 -44 19 24 Point_829
48 -62 11 5 Point_830
71 33 24 18 Point_831
-58 -87 7 1 Point_832
37 61 18 9 Point_833
26 -55 19 12 Point_834
85 -47 8 13 Point_835
-76 -75 4 7 Point_836
9 60 22 3 Point_837
83 -15 3 8 Point_838
-100 -26 6 9 Point_839
-56 81 22 11 Point_840
-73 -15 3 4 Point_841
-63 99 18 11 Point_842
17 63 12 14 Point_843
23 -70 13 8 Point_844
67 3 12 19 Point_845
-11 -11 25 14 Point_846
4 66 22 16 Point_847
89 26 11 14 Point_848
-55 -32 1 18 Point_849
17 94 20 7 Point_850
-12 -62 17 12 Point_851
72 -71 10 11 Point_852
23 -82 24 13 Point_853
-73 82 8 13 Point_854
-16 -3 19 10 Point_855
-14 -57 17 12 Point_856
83 39 22 21 Point_857
-66 60 5 8 Point_858
69 -94 2 1 Point_859
28 -72 5 17 Point_860
81 93 6 25 Point_861
20 -36 11 19 Point_862
62 37 10 19 Point_863
82 -90 10 23 Point_864
-59 -93 25 5 Point_865
25 56 11 2 Point_866
-96 -87 19 24 Point_867
-24 6 20 22 Point_868
-45 71 25 5 Point_869
-45 -90 12 24 Point_870
-75 -58 7 21 Point_871
33 -43 23 21 Point_872
12 16 12 4 Point_873
-19 57 7 23 Point_874
68 -43 1 19 Point_875
-5 -29 9 12 Point_876
-82 -74 3 7 Point_877
-86 -25 4 15 Point_878
65 -62 18 2 Point_879
-46 95 13 18 Point_880
77 -16 5 10 Point_881
90 -62 8 10 Point_882
44 -90 4 21 Point_883
17 4 11 15 Point_884
39 76 11 10 Point_885
22 83 19 23 Point_886
74 72 10 8 Point_887
18 -85 11 5 Point_888
-6 -9 19 22 Point_889
-23 27 18 3 Point_890
-74 65 22 19 Point_891
-75 -51 2 24 Point_892
4 64 25 15 Point_893
-31 98 23 15 Point_894
14 96 3 18 Point_895
17 5 1 10 Point_896
-41 -67 2 10 Point_897
33 28 21 2 Point_898
2 89 15 12 Point_899
-4 -86 24 18 Point_900
43 -54 7 10 Point_901
-9 -94 20 10 Point_902
-92 -28 15 8 Point_903
-90 -3 12 25 Point_904
-93 18 17 5 Point_905
-63 67 22 11 Point_906
-15 -63 11 6 Point_907
-85 94 4 14 Point_908
62 16 7 23 Point_909
88 4 1 13 Point_910
52 2 11 3 Point_911
-85 -62 10 15 Point_912
-7 -4 13 19 Point_913
16 -54 20 25 Point_914
-27 -87 22 25 Point_915
73 -26 18 4 Point_916
47 23 24 15 Point_917
-90 -10 1 20 Point_918
-36 -83 2 18 Point_919
-64 -33 16 14 Point_920
90 -72 9 23 Point_921
-85 99 23 14 Point_922
98 22 9 22 Point_923
78 86 19 13 Point_924
-68 23 1 16 Point_925
66 52 25 5 Point_926
-11 98 19 1 Point_927
-74 -93 1 20 Point_928
96 -92 21 25 Point_929
-98 -41 10 11 Point_930
79 2 9 4 Point_931
32 -69 4 9 Point_932
-39 67 3 12 Point_933
78 33 3 4 Point_934
-2 -18 23 18 Point_935
94 -48 22 12 Point_936
25 -100 21 11 Point_937
44 -53 14 6 Point_938
-95 22 7 24 Point_939
-44 25 24 21 Point_940
90 92 5 20 Point_941
-53 39 5 4 Point_942
-11 -74 4 22 Point_943
-9 77 12 3 Point_944
-99 32 25 23 Point_945
-96 -65 21 20 Point_946
21 24 25 14 Point_947
26 -1 7 14 Point_948
68 14 19 24 Point_949
74 -61 10 15 Point_950
-77 -84 12 1 Point_951
1 21 7 16 Point_952
81 -8 20 12 Point_953
-77 96 10 17 Point_954
25 51 15 20 Point_955
12 6 23 14 Point_956
-43 -47 11 8 Point_957
-59 -27 23 18 Point_958
91 28 16 20 Point_959
97 -90 3 6 Point_960
-2 64 4 16 Point_961
92 -51 21 5 Point_962
-47 57 1 18 Point_963
17 100 23 1 Point_964
-40 10 15 12 Point_965
96 49 11 7 Point_966
-7 95 16 25 Point_967
21 75 17 20 Point_968
-96 59 24 4 Point_969
-34 -70 22 10 Point_970
70 -12 19 6 Point_971
-36 33 22 16 Point_972
95 55 2 25 Point_973
61 -66 15 19 Point_974
-33 47 1 2 Point_975
-2 97 25 25 Point_976
88 -56 15 12 Point_977
60 -6 25 23 Point_978
-21 25 6 11 Point_979
99 -44 21 13 Point_980
24 29 3 12 Point_981
-11 48 10 1 Point_982
-50 43 21 3 Point_983
82 56 20 25 Point_984
27 84 5 23 Point_985
-93 -2 9 24 Point_986
100 -36 14 18 Point_987
-17 -87 15 6 Point_988
45 -5 14 22 Point_989
34 33 11 10 Point_990
-58 -74 6 10 Point_991
-72 -8 19 3 Point_992
-24 -78 19 9 Point_993
94 25 18 9 Point_994
-77 24 7 25 Point_995
15 15 18 10 Point_996
-56 -3 14 5 Point_997
19 -72 10 15 Point_998
75 18 2 21 Point_999
92 20 6 13 Point_1000
6 -73 4 12 Point_1001
16 -12 4 23 Point_1002
-4 -7 10 22 Point_1003
59 -91 4 11 Point_1004
-51 -70 8 4 Point_1005
38 -93 10 14 Point_1006
57 55 15 20 Point_1007
-26 -55 5 13 Point_1008
30 30 11 12 Point_1009
71 -19 18 25 Point_1010
9 42 4 19 Point_1011
62 -69 1 16 Point_1012
45 -72 11 25 Point_1013
15 -98 12 8 Point_1014
52 -48 5 12 Point_1015
-91 97 15 11 Point_1016
-22 87 14 25 Point_1017
7 -88 24 8 Point_1018
16 97 15 5 Point_1019
77 44 17 19 Point_1020
-6 -81 20 14 Point_1021
90 -22 12 22 Point_1022
2 -56 17 5 Point_1023
-74 -93 23 17 Point_1024
95 23 14 5 Point_1025
-73 -37 7 10 Point_1026
61 -17 7 7 Point_1027
58 63 3 22 Point_1028
-85 -48 12 24 Point_1029
47 -68 18 14 Point_1030
73 -48 10 21 Point_1031
63 3 24 18 Point_1032
-48 -93 6 20 Point_1033
-97 -21 25 9 Point_1034
-48 50 8 15 Point_1035
-40 -10 23 17 Point_1036
-80 50 3 18 Point_1037
-73 -70 19 18 Point_1038
0 15 24 6 Point_1039
-89 -45 4 9 Point_1040
85 95 21 5 Point_1041
72 -16 11 15 Point_1042
-69 8 6 3 Point_1043
-97 -60 25 3 Point_1044
-23 -27 25 13 Point_1045
22 -43 18 2 Point_1046
28 60 8 10 Point_1047
42 75 12 20 Point_1048
-83 -98 18 14 Point_1049
13 -32 8 4 Point_1050
88 -47 16 10 Point_1051
54 18 21 14 Point_1052
-55 -29 19 7 Point_1053
-33 -49 18 2 Point_1054
-92 -49 6 7 Point_1055
-97 -80 18 21 Point_1056
74 0 4 6 Point_1057
-17 -85 21 14 Point_1058
9 -74 4 11 Point_1059
23 59 10 5 Point_1060
35 13 20 4 Point_1061
25 -46 4 6 Point_1062
3 -62 18 9 Point_1063
48 44 23 5 Point_1064
81 58 5 17 Point_1065
45 18 6 1 Point_1066
-32 55 8 9 Point_1067
-93 9 7 6 Point_1068
-64 26 16 17 Point_1069
-2 -64 9 21 Point_1070
-70 -95 2 22 Point_1071
-18 17 23 6 Point_1072
-57 -3 24 20 Point_1073
-52 57 4 13 Point_1074
-89 -76 5 12 Point_1075
-36 -42 11 15 Point_1076
-23 -24 23 1 Point_1077
93 75 9 16 Point_1078
96 -53 16 2 Point_1079
91 83 23 10 Point_1080
89 -9 19 19 Point_1081
-35 26 15 12 Point_1082
64 -69 24 19 Point_1083
-89 -41 6 19 Point_1084
-80 74 6 23 Point_1085
-43 72 10 25 Point_1086
-60 76 1 1 Point_1087
28 -83 5 25 Point_1088
-51 1 23 10 Point_1089
-35 -51 17 18 Point_1090
75 -8 2 3 Point_1091
-80 -37 3 12 Point_1092
-34 5 9 6 Point_1093
-13 58 5 7 Point_1094
-61 -41 13 13 Point_1095
-66 -86 6 17 Point_1096
-35 48 22 22 Point_1097
76 82 25 15 Point_1098
62 -18 25 14 Point_1099
8 -96 25 1 Point_1100
-53 -95 14 17 Point_1101
89 2 14 10 Point_1102
52 -70 23 15 Point_1103
-98 -70 25 22 Point_1104
30 -81 19 8 Point_1105
-41 44 2 21 Point_1106
94 66 11 17 Point_1107
18 -73 17 17 Point_1108
-30 -8 7 7 Point_1109
-15 -32 14 12 Point_1110
37 -39 11 21 Point_1111
67 -91 1 12 Point_1112
-32 59 15 11 Point_1113
-66 -79 23 25 Point_1114
-65 94 12 9 Point_1115
-19 69 19 13 Point_1116
-90 -59 16 17 Point_1117
77 -69 1 4 Point_1118
14 -83 19 23 Point_1119
-22 -72 9 20 Point_1120
-11 88 2 22 Point_1121
60 -66 15 1 Point_1122
54 44 16 6 Point_1123
41 -70 13 24 Point_1124
3 49 14 9 Point_1125
82 -97 12 12 Point_1126
-90 -57 11 10 Point_1127
-75 -45 23 25 Point_1128
50 92 18 7 Point_1129
22 -8 16 23 Point_1130
22 -100 10 6 Point_1131
58 0 1 16 Point_1132
-75 -67 23 9 Point_1133
-3 23 12 17 Point_1134
37 85 7 10 Point_1135
-16 29 25 7 Point_1136
-71 -19 22 15 Point_1137
-76 28 14 9 Point_1138
75 -38 24 2 Point_1139
-58 15 22 24 Point_1140
42 88 7 19 Point_1141
-46 62 20 20 Point_1142
57 -25 20 6 Point_1143
-18 -91 11 1 Point_1144
45 18 5 2 Point_1145
-58 2 22 6 Point_1146
-16 -87 19 17 Point_1147
35 -26 9 6 Point_1148
-17 40 12 4 Point_1149
-83 56 12 17 Point_1150
28 -68 8 16 Point_1151
99 27 25 16 Point_1152
-36 76 5 24 Point_1153
-91 -54 20 14 Point_1154
-54 -52 5 17 Point_1155
38 -49 17 10 Point_1156
39 3 15 18 Point_1157
-39 -92 25 22 Point_1158
74 -92 9 21 Point_1159
44 -45 2 7 Point_1160
-72 -27 7 2 Point_1161
-58 77 24 11 Point_1162
-51 -59 6 18 Point_1163
61 -45 12 11 Point_1164
98 1 23 22 Point_1165
-100 -62 18 4 Point_1166
-36 -49 5 11 Point_1167
-69 -73 12 21 Point_1168
-61 55 22 12 Point_1169
-64 33 5 16 Point_1170
97 37 1 12 Point_1171
-84 95 25 4 Point_1172
14 54 11 9 Point_1173
73 -88 2 1 Point_1174
9 -28 9 7 Point_1175
28 -32 23 9 Point_1176
-19 13 12 23 Point_1177
70 -37 3 5 Point_1178
-44 -87 19 5 Point_1179
78 19 10 16 Point_1180
-81 38 4 14 Point_1181
-17 -22 25 15 Point_1182
-79 -43 2 8 Point_1183
91 -43 24 23 Point_1184
-57 100 9 17 Point_1185
-11 54 16 18 Point_1186
-70 -44 4 16 Point_1187
-23 -100 2 11 Point_1188
31 -6 5 24 Point_1189
-21 -75 4 25 Point_1190
-79 66 12 4 Point_1191
26 -15 5 2 Point_1192
-8 84 12 2 Point_1193
41 -36 25 25 Point_1194
51 5 23 10 Point_1195
-82 7 1 25 Point_1196
53 -53 4 9 Point_1197
9 27 7 8 Point_1198
-71 -25 18 6 Point_1199
-43 -84 5 18 Point_1200
73 39 11 16 Point_1201
-36 31 9 8 Point_1202
-19 8 21 4 Point_1203
30 -27 16 16 Point_1204
-94 -36 17 5 Point_1205
-98 -83 24 4 Point_1206
-10 51 2 15 Point_1207
-28 -26 9 15 Point_1208
-51 -88 13 10 Point_1209
15 32 5 2 Point_1210
-94 92 24 16 Point_1211
-13 -34 18 16 Point_1212
55 -77 11 18 Point_1213
12 -36 19 22 Point_1214
-27 -65 4 19 Point_1215
2 85 8 16 Point_1216
-1 -47 21 4 Point_1217
23 -89 17 17 Point_1218
30 59 5 2 Point_1219
88 -12 11 16 Point_1220
-61 -45 18 14 Point_1221
-96 -100 10 16 Point_1222
100 7 14 2 Point_1223
-7 52 4 14 Point_1224
83 -5 22 18 Point_1225
97 -40 13 10 Point_1226
42 -8 24 16 Point_1227
54 -25 18 22 Point_1228
-48 100 21 7 Point_1229
31 -49 20 8 Point_1230
79 44 22 11 Point_1231
-100 -12 19 23 Point_1232
-8 82 7 7 Point_1233
80 -46 23 1 Point_1234
13 48 25 5 Point_1235
-72 -39 10 17 Point_1236
72 -10 16 3 Point_1237
-100 33 12 5 Point_1238
-95 -28 3 5 Point_1239
48 -99 13 5 Point_1240
-94 81 2 18 Point_1241
52 23 11 14 Point_1242
95 -83 23 21 Point_1243
-35 62 12 17 Point_1244
-42 -23 19 22 Point_1245
-1 11 18 1 Point_1246
-61 7 7 3 Point_1247
-30 -31 13 13 Point_1248
-50 -77 24 20 Point_1249
30 44 25 14 Point_1250
-57 40 24 25 Point_1251
62 -22 3 14 Point_1252
-77 23 20 13 Point_1253
47 38 24 7 Point_1254
94 19 24 9 Point_1255
-85 -9 12 12 Point_1256
76 -26 13 19 Point_1257
-35 -8 4 9 Point_1258
-73 15 11 10 Point_1259
43 7 10 8 Point_1260
-88 42 15 1 Point_1261
33 -29 3 13 Point_1262
2 -60 14 6 Point_1263
13 49 19 14 Point_1264
-84 82 12 8 Point_1265
1 47 21 7 Point_1266
-12 31 9 19 Point_1267
100 -60 4 9 Point_1268
56 -63 8 21 Point_1269
33 -31 18 5 Point_1270
73 8 23 25 Point_1271
84 81 20 14 Point_1272
0 -62 7 21 Point_1273
-36 85 9 16 Point_1274
-40 92 18 4 Point_1275
-35 -72 25 25 Point_1276
-61 48 15 20 Point_1277
-98 -22 5 20 Point_1278
-7 84 14 24 Point_1279
73 59 19 23 Point_1280
-96 35 22 5 Point_1281
-66 59 6 10 Point_1282
-12 57 17 11 Point_1283
-75 -29 22 25 Point_1284
83 32 1 3 Point_1285
-68 32 20 13 Point_1286
-91 -17 12 1 Point_1287
-96 42 22 4 Point_1288
51 -25 25 6 Point_1289
35 -52 21 10 Point_1290
-39 45 8 21 Point_1291
-6 63 15 9 Point_1292
80 -55 20 11 Point_1293
69 -93 12 21 Point_1294
14 67 18 17 Point_1295
57 15 4 3 Point_1296
-84 99 16 11 Point_1297
18 -23 2 1 Point_1298
43 27 22 7 Point_1299
83 97 5 13 Point_1300
28 -83 12 14 Point_1301
-36 -31 12 8 Point_1302
83 -87 1 16 Point_1303
18 -60 15 17 Point_1304
49 -42 15 18 Point_1305
20 -13 1 7 Point_1306
-19 26 17 15 Point_1307
8 -20 15 25 Point_1308
86 56 4 11 Point_1309
21 46 9 16 Point_1310
-5 67 6 11 Point_1311
-18 65 18 17 Point_1312
-53 88 19 4 Point_1313
71 87 19 11 Point_1314
45 8 2 18 Point_1315
54 -97 23 14 Point_1316
-81 80 6 17 Point_1317
7 11 18 17 Point_1318
81 -24 5 22 Point_1319
1 -80 9 1 Point_1320
9 35 23 7 Point_1321
65 -95 1 2 Point_1322
40 -32 22 13 Point_1323
-33 64 3 3 Point_1324
-19 -89 16 1 Point_1325
39 86 22 10 Point_1326
40 42 15 16 Point_1327
-20 41 22 19 Point_1328
-30 40 21 12 Point_1329
70 51 9 17 Point_1330
-59 51 19 10 Point_1331
-97 86 25 11 Point_1332
-9 77 13 19 Point_1333
-55 64 14 7 Point_1334
23 -76 6 9 Point_1335
-64 11 23 25 Point_1336
1 -17 23 6 Point_1337
8 -15 15 5 Point_1338
-14 -83 3 22 Point_1339
-90 27 7 5 Point_1340
-7 86 7 21 Point_1341
-14 97 5 8 Point_1342
68 39 3 4 Point_1343
51 94 20 17 Point_1344
-27 -10 20 11 Point_1345
32 94 19 3 Point_1346
13 39 19 5 Point_1347
-35 72 6 22 Point_1348
-35 -43 25 21 Point_1349
-5 47 19 6 Point_1350
-44 -63 2 2 Point_1351
89 -70 4 17 Point_1352
-61 58 12 22 Point_1353
0 -12 21 25 Point_1354
7 75 9 11 Point_1355
-64 97 5 20 Point_1356
0 51 15 3 Point_1357
100 -94 19 23 Point_1358
29 -96 9 20 Point_1359
49 -58 15 10 Point_1360
51 60 22 3 Point_1361
16 54 3 23 Point_1362
-49 76 20 22 Point_1363
-79 87 1 9 Point_1364
92 -7 21 4 Point_1365
68 -97 16 2 Point_1366
-3 76 2 16 Point_1367
82 -98 2 24 Point_1368
-70 -35 14 24 Point_1369
-62 73 2 3 Point_1370
37 89 19 10 Point_1371
-66 -31 6 1 Point_1372
15 74 20 24 Point_1373
-74 -65 8 18 Point_1374
25 -11 14 10 Point_1375
-99 -39 11 25 Point_1376
-14 -23 25 23 Point_1377
82 84 7 9 Point_1378
-62 72 18 21 Point_1379
-3 -67 8 3 Point_1380
-29 70 1 15 Point_1381
23 -27 20 9 Point_1382
84 20 8 18 Point_1383
-95 73 8 12 Point_1384
-24 35 16 25 Point_1385
15 59 2 14 Point_1386
51 99 13 10 Point_1387
33 81 10 5 Point_1388
18 86 21 25 Point_1389
-78 46 19 3 Point_1390
-38 27 23 19 Point_1391
65 -88 15 13 Point_1392
-42 32 7 22 Point_1393
56 71 15 7 Point_1394
37 20 23 25 Point_1395
-1 -40 21 4 Point_1396
39 -97 15 21 Point_1397
83 13 7 8 Point_1398
-22 -81 13 13 Point_1399
15 95 22 15 Point_1400
11 46 12 13 Point_1401
-98 73 5 9 Point_1402
-26 64 20 12 Point_1403
-30 42 3 7 Point_1404
-10 53 7 6 Point_1405
67 30 19 4 Point_1406
20 0 1 25 Point_1407
9 -90 24 19 Point_1408
80 91 24 22 Point_1409
40 38 10 11 Point_1410
-90 -23 13 14 Point_1411
-2 -53 2 4 Point_1412
87 -99 14 3 Point_1413
-29 80 12 15 Point_1414
-36 -20 7 8 Point_1415
48 81 24 6 Point_1416
40 -2 4 10 Point_1417
-32 80 15 12 Point_1418
-34 -32 16 12 Point_1419
-30 -76 10 18 Point_1420
0 31 7 14 Point_1421
17 -16 11 4 Point_1422
20 6 16 23 Point_1423
4 -24 14 1 Point_1424
-90 -66 8 5 Point_1425
4 44 22 25 Point_1426
-5 6 8 1 Point_1427
58 -59 14 22 Point_1428
4 -19 11 3 Point_1429
100 79 25 15 Point_1430
-45 91 1 21 Point_1431
5 -25 12 7 Point_1432
43 -76 9 1 Point_1433
-11 -89 9 14 Point_1434
47 54 15 14 Point_1435
-2 -64 24 7 Point_1436
-89 55 1 12 Point_1437
97 -89 2 20 Point_1438
29 -80 3 9 Point_1439
-97 -18 4 5 Point_1440
-37 -67 15 21 Point_1441
36 -44 12 7 Point_1442
40 -51 14 22 Point_1443
38 27 14 2 Point_1444
100 10 12 21 Point_1445
46 25 18 7 Point_1446
-91 -25 1 25 Point_1447
52 -97 20 7 Point_1448
33 -31 2 25 Point_1449
-72 12 12 9 Point_1450
52 -79 8 1 Point_1451
42 80 5 6 Point_1452
25 -7 5 7 Point_1453
11 -47 5 10 Point_1454
99 1 25 8 Point_1455
76 74 8 22 Point_1456
-1 68 7 1 Point_1457
68 -52 18 8 Point_1458
-59 -64 20 5 Point_1459
8 -97 13 15 Point_1460
-43 -5 7 25 Point_1461
-88 18 9 1 Point_1462
-19 -63 23 7 Point_1463
47 34 8 8 Point_1464
-13 95 11 3 Point_1465
86 -70 16 16 Point_1466
-42 17 21 25 Point_1467
-28 -53 4 25 Point_1468
97 -78 2 20 Point_1469
19 -90 15 12 Point_1470
27 93 7 1 Point_1471
64 -94 21 8 Point_1472
43 -82 6 12 Point_1473
27 64 2 9 Point_1474
56 2 8 10 Point_1475
9 73 20 17 Point_1476
-72 6 16 1 Point_1477
34 -41 22 9 Point_1478
77 -63 10 12 Point_1479
98 -21 4 24 Point_1480
24 -22 15 3 Point_1481
-34 18 23 4 Point_1482
-72 54 16 12 Point_1483
92 -64 4 16 Point_1484
62 67 6 10 Point_1485
9 69 6 19 Point_1486
-1 -16 4 9 Point_1487
-63 54 1 13 Point_1488
-93 51 13 8 Point_1489
9 -7 23 17 Point_1490
55 -39 23 14 Point_1491
3 -61 22 2 Point_1492
90 -8 19 16 Point_1493
-66 -23 3 15 Point_1494
93 -85 12 4 Point_1495
48 56 3 14 Point_1496
-72 -59 6 24 Point_1497
-35 78 3 17 Point_1498
-69 -8 5 2 Point_1499
44 -13 3 6 Point_1500
67 90 17 14 Point_1501
43 -93 5 22 Point_1502
33 72 19 9 Point_1503
4 68 11 15 Point_1504
63 -25 18 15 Point_1505
-61 7 6 3 Point_1506
99 -74 3 13 Point_1507
77 -35 2 24 Point_1508
16 -77 13 25 Point_1509
-56 41 25 5 Point_1510
-60 -13 8 14 Point_1511
45 -64 18 6 Point_1512
-34 -23 9 21 Point_1513
34 26 17 20 Point_1514
-80 37 2 16 Point_1515
72 81 16 17 Point_1516
-53 -36 4 25 Point_1517
70 1 1 9 Point_1518
-18 25 21 2 Point_1519
-95 -27 1 14 Point_1520
-85 80 7 18 Point_1521
-60 58 20 7 Point_1522
12 -39 23 25 Point_1523
-42 25 15 2 Point_1524
74 56 2 13 Point_1525
-28 -39 18 18 Point_1526
-93 99 25 18 Point_1527
13 -7 13 17 Point_1528
37 89 7 24 Point_1529
-48 39 17 17 Point_1530
-40 41 25 6 Point_1531
-43 -87 2 18 Point_1532
93 -74 25 12 Point_1533
-74 -4 18 10 Point_1534
60 94 25 7 Point_1535
47 88 17 5 Point_1536
16 0 18 5 Point_1537
16 46 25 16 Point_1538
-3 61 7 1 Point_1539
-43 -88 21 2 Point_1540
-51 13 23 4 Point_1541
84 -11 16 21 Point_1542
53 -28 12 22 Point_1543
36 63 16 10 Point_1544
66 49 12 25 Point_1545
-55 24 20 2 Point_1546
-6 5 9 13 Point_1547
-72 83 13 10 Point_1548
-4 15 18 12 Point_1549
10 -46 1 25 Point_1550
17 -69 23 12 Point_1551
-85 99 22 16 Point_1552
86 21 11 22 Point_1553
26 56 14 13 Point_1554
59 -69 9 6 Point_1555
25 86 4 3 Point_1556
94 4 12 9 Point_1557
-77 -46 2 13 Point_1558
-42 -67 19 11 Point_1559
85 -56 4 23 Point_1560
-92 -28 18 21 Point_1561
43 41 7 24 Point_1562
-43 15 1 15 Point_1563
90 -78 17 17 Point_1564
-31 71 9 4 Point_1565
84 48 8 23 Point_1566
-98 -76 6 23 Point_1567
78 -12 6 14 Point_1568
98 -30 19 25 Point_1569
-47 -60 5 19 Point_1570
-46 40 12 12 Point_1571
19 62 14 16 Point_1572
73 -47 7 18 Point_1573
75 25 23 5 Point_1574
2 -32 2 8 Point_1575
94 69 12 21 Point_1576
59 60 20 25 Point_1577
62 -43 7 14 Point_1578
-14 -58 12 12 Point_1579
2 -57 16 23 Point_1580
57 -37 18 20 Point_1581
-21 38 13 14 Point_1582
47 -79 18 14 Point_1583
-34 12 6 17 Point_1584
-45 -96 10 16 Point_1585
-62 43 3 2 Point_1586
-44 -99 11 4 Point_1587
-2 -47 6 21 Point_1588
-22 94 10 8 Point_1589
-32 81 10 7 Point_1590
-3 58 20 6 Point_1591
86 80 1 10 Point_1592
-67 22 11 16 Point_1593
73 -100 4 24 Point_1594
-87 80 19 16 Point_1595
7 -12 14 17 Point_1596
19 -95 23 7 Point_1597
-94 41 18 15 Point_1598
95 -82 12 8 Point_1599
45 85 19 8 Point_1600
-63 8 24 7 Point_1601
-49 -87 17 6 Point_1602
75 -45 6 14 Point_1603
-28 46 13 24 Point_1604
75 -51 2 7 Point_1605
47 -44 15 1 Point_1606
-98 -75 25 11 Point_1607
52 -100 1 14 Point_1608
2 15 10 9 Point_1609
-41 10 20 23 Point_1610
-51 -99 18 5 Point_1611
-10 41 1 18 Point_1612
-79 21 15 3 Point_1613
-40 -99 21 24 Point_1614
-83 -77 19 23 Point_1615
-8 18 11 17 Point_1616
-80 -6 21 11 Point_1617
60 69 18 7 Point_1618
-86 39 5 19 Point_1619
-66 6 14 12 Point_1620
13 7 10 25 Point_1621
65 89 12 19 Point_1622
-81 -14 9 23 Point_1623
100 74 16 18 Point_1624
48 44 22 13 Point_1625
-32 -59 6 21 Point_1626
-76 -47 4 17 Point_1627
86 -22 10 6 Point_1628
-69 66 16 23 Point_1629
-70 -13 16 4 Point_1630
40 -23 8 22 Point_1631
57 85 13 19 Point_1632
16 -94 14 8 Point_1633
-2 -88 13 18 Point_1634
77 95 1 4 Point_1635
-55 4 10 6 Point_1636
84 -35 24 15 Point_1637
-28 -21 8 23 Point_1638
-65 32 17 25 Point_1639
-32 -92 8 12 Point_1640
46 -36 25 14 Point_1641
-47 -15 22 6 Point_1642
-91 74 18 9 Point_1643
91 95 15 23 Point_1644
-13 80 8 2 Point_1645
33 84 2 6 Point_1646
63 -20 1 2 Point_1647
-31 18 24 21 Point_1648
56 56 1 13 Point_1649
57 -70 3 2 Point_1650
19 49 15 2 Point_1651
3 65 5 6 Point_1652
43 88 11 12 Point_1653
42 -45 9 15 Point_1654
-19 -39 16 3 Point_1655
50 -14 25 18 Point_1656
47 22 13 20 Point_1657
-40 -76 10 20 Point_1658
-26 -94 15 7 Point_1659
77 -81 25 25 Point_1660
-49 72 21 1 Point_1661
-89 56 9 24 Point_1662
75 -18 17 13 Point_1663
42 54 23 3 Point_1664
53 55 2 19 Point_1665
34 -18 13 8 Point_1666
4 -76 3 14 Point_1667
53 96 20 6 Point_1668
-27 -2 13 25 Point_1669
85 -20 20 3 Point_1670
97 40 21 22 Point_1671
48 -60 7 5 Point_1672
-9 59 2 14 Point_1673
-57 14 23 24 Point_1674
-96 2 6 3 Point_1675
-62 -63 4 10 Point_1676
-81 -74 6 4 Point_1677
-66 -14 20 15 Point_1678
-28 42 11 21 Point_1679
24 -75 11 21 Point_1680
98 42 7 21 Point_1681
29 -48 17 12 Point_1682
4 -17 8 16 Point_1683
-23 86 25 17 Point_1684
-47 10 25 4 Point_1685
14 30 9 8 Point_1686
17 -39 7 5 Point_1687
-69 -71 20 24 Point_1688
8 -88 5 23 Point_1689
100 -37 22 3 Point_1690
-31 -26 23 5 Point_1691
-40 -76 12 21 Point_1692
-10 29 8 3 Point_1693
-67 4 6 2 Point_1694
60 18 3 10 Point_1695
-100 -18 2 12 Point_1696
97 -92 5 19 Point_1697
42 47 17 21 Point_1698
-90 80 13 13 Point_1699
-13 48 13 25 Point_1700
6 92 16 4 Point_1701
29 46 2 8 Point_1702
-54 50 2 8 Point_1703
-75 -1 19 14 Point_1704
-43 -86 24 7 Point_1705
-3 59 8 21 Point_1706
20 93 25 6 Point_1707
32 -85 21 8 Point_1708
84 -77 7 13 Point_1709
-24 -26 8 23 Point_1710
12 -38 15 9 Point_1711
-78 -94 20 17 Point_1712
-55 -17 17 4 Point_1713
63 -55 22 20 Point_1714
37 18 25 9 Point_1715
87 -16 13 14 Point_1716
-73 -46 18 19 Point_1717
60 40 16 24 Point_1718
-15 -11 9 9 Point_1719
7 -74 16 4 Point_1720
-55 76 12 21 Point_1721
79 96 9 10 Point_1722
64 65 9 5 Point_1723
-52 21 5 4 Point_1724
55 -45 24 15 Point_1725
-50 -14 3 20 Point_1726
-65 -78 15 12 Point_1727
20 -86 25 1 Point_1728
-22 10 18 18 Point_1729
-62 -31 8 24 Point_1730
82 29 13 8 Point_1731
-44 57 8 5 Point_1732
45 -56 23 6 Point_1733
-77 -54 12 25 Point_1734
-61 10 21 14 Point_1735
41 98 24 2 Point_1736
-99 -33 12 2 Point_1737
-26 -81 24 2 Point_1738
-94 89 1 23 Point_1739
60 3 21 23 Point_1740
-42 -18 15 24 Point_1741
100 49 17 8 Point_1742
99 -14 2 17 Point_1743
-35 10 17 2 Point_1744
-9 46 24 5 Point_1745
79 60 4 23 Point_1746
87 29 13 7 Point_1747
-41 -7 24 21 Point_1748
-57 27 11 25 Point_1749
41 13 20 25 Point_1750
-7 -49 23 16 Point_1751
-20 -70 2 6 Point_1752
-28 13 5 11 Point_1753
79 -46 6 9 Point_1754
35 61 8 25 Point_1755
-83 -85 8 3 Point_1756
32 -58 18 4 Point_1757
1 -83 19 5 Point_1758
29 -7 4 15 Point_1759
31 35 6 24 Point_1760
-89 -76 7 15 Point_1761
-84 -97 8 8 Point_1762
-5 -98 12 23 Point_1763
-46 48 18 14 Point_1764
-9 15 13 10 Point_1765
72 -68 22 3 Point_1766
90 -46 4 23 Point_1767
-68 39 23 6 Point_1768
-4 -48 24 2 Point_1769
38 84 23 17 Point_1770
-16 63 24 25 Point_1771
73 23 23 24 Point_1772
74 31 17 24 Point_1773
59 89 4 7 Point_1774
-80 28 12 8 Point_1775
-45 -3 18 1 Point_1776
-82 9 20 18 Point_1777
20 -72 10 25 Point_1778
-85 58 3 12 Point_1779
11 8 4 25 Point_1780
76 -14 19 20 Point_1781
12 -63 11 2 Point_1782
96 88 3 5 Point_1783
-41 -38 11 18 Point_1784
63 -78 5 22 Point_1785
62 -46 9 16 Point_1786
99 -2 8 9 Point_1787
99 -73 1 19 Point_1788
-79 -39 16 5 Point_1789
-8 62 23 13 Point_1790
-12 24 12 6 Point_1791
-73 -17 23 16 Point_1792
31 54 25 11 Point_1793
-52 -30 6 7 Point_1794
-52 -68 24 24 Point_1795
-16 -88 14 10 Point_1796
27 8 18 6 Point_1797
-91 -24 21 21 Point_1798
76 -89 20 22 Point_1799
74 32 1 18 Point_1800
-53 12 15 2 Point_1801
-94 27 3 13 Point_1802
84 -56 13 8 Point_1803
-76 -9 9 17 Point_1804
-17 -22 4 22 Point_1805
2 -37 25 17 Point_1806
94 52 9 22 Point_1807
-85 80 15 8 Point_1808
74 -37 17 7 Point_1809
-63 -58 7 3 Point_1810
-17 -56 6 11 Point_1811
15 14 4 18 Point_1812
-13 -62 12 11 Point_1813
93 -43 3 18 Point_1814
-54 -45 6 4 Point_1815
9 49 10 18 Point_1816
43 -73 13 16 Point_1817
-39 -44 15 16 Point_1818
41 -19 25 8 Point_1819
-95 -7 22 8 Point_1820
-93 33 12 19 Point_1821
71 -89 11 10 Point_1822
-10 -64 15 4 Point_1823
40 -1 15 5 Point_1824
20 47 8 20 Point_1825
-24 -27 5 8 Point_1826
71 12 10 4 Point_1827
-64 27 11 23 Point_1828
-89 65 6 4 Point_1829
69 -30 24 12 Point_1830
-70 -35 5 16 Point_1831
-77 -66 7 20 Point_1832
-19 -65 7 8 Point_1833
-54 80 23 25 Point_1834
-19 -75 20 20 Point_1835
87 -94 4 21 Point_1836
-38 -38 6 25 Point_1837
16 -59 25 4 Point_1838
-62 -69 12 5 Point_1839
63 -78 24 10 Point_1840
93 17 14 23 Point_1841
-24 -38 9 8 Point_1842
100 43 9 25 Point_1843
93 -53 1 17 Point_1844
21 54 13 5 Point_1845
-42 -100 18 1 Point_1846
-90 86 21 15 Point_1847
-61 13 15 7 Point_1848
64 79 14 2 Point_1849
-60 35 12 17 Point_1850
-52 38 14 21 Point_1851
-64 -64 1 3 Point_1852
45 -65 7 21 Point_1853
-51 -16 11 23 Point_1854
38 -52 2 25 Point_1855
41 -17 1 18 Point_1856
47 -84 6 4 Point_1857
-32 19 17 23 Point_1858
-60 50 9 2 Point_1859
-26 88 11 22 Point_1860
23 20 2 2 Point_1861
-33 32 17 18 Point_1862
-18 -52 20 3 Point_1863
44 -91 8 18 Point_1864
-80 29 15 19 Point_1865
-98 66 16 23 Point_1866
34 -94 4 1 Point_1867
14 59 13 18 Point_1868
80 -98 2 2 Point_1869
90 69 3 21 Point_1870
-100 -41 18 22 Point_1871
41 -46 1 8 Point_1872
-44 -41 9 1 Point_1873
68 -53 10 23 Point_1874
13 -77 24 2 Point_1875
62 68 3 25 Point_1876
-95 -60 21 21 Point_1877
15 92 2 11 Point_1878
54 -89 9 8 Point_1879
67 -40 5 11 Point_1880
-53 23 8 16 Point_1881
-10 83 7 22 Point_1882
85 -29 9 25 Point_1883
-68 -65 11 2 Point_1884
29 -16 10 6 Point_1885
55 -76 19 21 Point_1886
53 -49 9 23 Point_1887
14 -7 5 5 Point_1888
-57 68 10 12 Point_1889
27 -26 8 14 Point_1890
-12 98 9 21 Point_1891
-68 88 20 21 Point_1892
59 -36 9 7 Point_1893
-13 -12 17 3 Point_1894
-26 99 2 16 Point_1895
-47 -59 25 10 Point_1896
-70 -5 20 13 Point_1897
3 18 5 17 Point_1898
-67 85 7 2 Point_1899
58 -66 7 8 Point_1900
-23 28 2 24 Point_1901
51 -74 14 2 Point_1902
15 -49 21 14 Point_1903
-48 -6 24 6 Point_1904
-25 -95 12 25 Point_1905
-100 78 10 7 Point_1906
93 -42 21 13 Point_1907
-79 3 22 25 Point_1908
-10 -97 24 2 Point_1909
79 -14 15 6 Point_1910
-47 -57 23 20 Point_1911
9 24 2 14 Point_1912
73 9 9 8 Point_1913
98 38 12 19 Point_1914
-65 -70 22 19 Point_1915
-3 -43 19 8 Point_1916
-57 -73 11 7 Point_1917
6 -59 22 12 Point_1918
67 1 14 6 Point_1919
67 21 4 10 Point_1920
5 46 12 24 Point_1921
-25 6 6 2 Point_1922
-25 40 7 3 Point_1923
40 9 1 11 Point_1924
-6 47 4 2 Point_1925
94 93 8 2 Point_1926
73 -12 24 17 Point_1927
37 76 17 2 Point_1928
61 43 15 24 Point_1929
55 -88 16 11 Point_1930
68 -76 3 21 Point_1931
-66 26 15 9 Point_1932
40 15 19 24 Point_1933
18 -56 17 8 Point_1934
-22 -8 7 12 Point_1935
-66 11 25 24 Point_1936
29 -89 16 15 Point_1937
-95 33 22 12 Point_1938
18 -76 6 14 Point_1939
93 97 3 22 Point_1940
97 -50 25 7 Point_1941
95 -53 18 21 Point_1942
86 93 21 12 Point_1943
80 29 8 6 Point_1944
30 84 7 17 Point_1945
64 -47 22 3 Point_1946
-31 86 20 7 Point_1947
-30 71 24 21 Point_1948
57 81 7 23 Point_1949
87 61 11 18 Point_1950
37 40 8 20 Point_1951
-50 -14 21 7 Point_1952
47 52 23 16 Point_1953
-50 66 20 24 Point_1954
2 -67 3 19 Point_1955
-63 56 17 4 Point_1956
-51 68 16 12 Point_1957
-99 71 25 3 Point_1958
-45 -78 11 5 Point_1959
74 68 22 19 Point_1960
-53 72 5 19 Point_1961
-79 89 16 2 Point_1962
-76 -51 2 12 Point_1963
28 18 19 12 Point_1964
-16 38 12 24 Point_1965
6 48 23 16 Point_1966
-31 -24 5 6 Point_1967
-79 -98 8 2 Point_1968
36 -7 4 18 Point_1969
-56 -93 1 11 Point_1970
48 -75 7 17 Point_1971
-100 -75 25 8 Point_1972
-60 77 12 4 Point_1973
-51 87 12 8 Point_1974
11 99 16 20 Point_1975
-84 -61 23 12 Point_1976
38 69 21 2 Point_1977
-98 -91 10 6 Point_1978
-84 -51 24 3 Point_1979
-91 88 7 21 Point_1980
87 -78 20 19 Point_1981
12 60 16 19 Point_1982
-70 -60 21 11 Point_1983
26 43 20 2 Point_1984
28 -71 17 15 Point_1985
94 37 23 3 Point_1986
-47 91 9 14 Point_1987
-27 -98 4 3 Point_1988
51 -24 20 7 Point_1989
-67 8 12 17 Point_1990
97 -59 2 20 Point_1991
-76 10 15 14 Point_1992
20 44 21 2 Point_1993
10 -25 14 11 Point_1994
-36 -4 20 22 Point_1995
42 -87 14 2 Point_1996
67 -46 6 4 Point_1997
-15 -23 16 25 Point_1998
-70 -51 1 20 Point_1999
-77 -72 4 20 Point_2000
-26 -12 2 3 Point_2001
70 -37 2 20 Point_2002
-16 96 5 18 Point_2003
0 98 1 11 Point_2004
-40 82 16 11 Point_2005
40 22 4 5 Point_2006
31 -11 25 20 Point_2007
-2 -7 24 18 Point_2008
55 -49 21 5 Point_2009
-25 -26 16 15 Point_2010
68 14 18 16 Point_2011
-75 -58 18 15 Point_2012
-32 -90 21 14 Point_2013
98 92 25 3 Point_2014
27 32 22 6 Point_2015
10 -87 17 7 Point_2016
-60 10 20 4 Point_2017
-14 -29 9 5 Point_2018
-92 87 19 18 Point_2019
74 51 3 2 Point_2020
-18 86 4 9 Point_2021
-51 93 5 25 Point_2022
-7 -40 16 16 Point_2023
78 45 13 9 Point_2024
-85 -63 12 16 Point_2025
-5 -85 1 23 Point_2026
-64 53 7 14 Point_2027
-68 92 2 6 Point_2028
-2 -49 14 12 Point_2029
0 -33 21 12 Point_2030
-29 2 15 23 Point_2031
-97 43 4 23 Point_2032
11 74 11 11 Point_2033
-83 89 13 21 Point_2034
83 -39 8 8 Point_2035
-7 36 21 7 Point_2036
12 -87 9 12 Point_2037
-73 -27 10 2 Point_2038
-38 -94 20 18 Point_2039
-24 -30 24 16 Point_2040
52 -60 1 17 Point_2041
-39 34 9 20 Point_2042
-96 81 2 20 Point_2043
-87 83 3 12 Point_2044
-40 -97 7 19 Point_2045
-55 -21 3 22 Point_2046
-57 65 20 6 Point_2047
-94 -73 24 5 Point_2048
-91 5 16 16 Point_2049
84 16 25 3 Point_2050
72 38 23 24 Point_2051
58 42 23 10 Point_2052
30 9 21 21 Point_2053
-12 -72 16 12 Point_2054
57 -35 21 17 Point_2055
84 -31 2 9 Point_2056
71 26 21 4 Point_2057
67 -87 22 14 Point_2058
78 -24 5 3 Point_2059
24 83 20 1 Point_2060
-32 -2 1 7 Point_2061
34 -59 1 8 Point_2062
91 -34 7 3 Point_2063
-74 20 1 19 Point_2064
78 73 23 7 Point_2065
-84 70 24 12 Point_2066
20 39 4 6 Point_2067
-35 -90 1 8 Point_2068
81 -10 24 15 Point_2069
-97 -6 23 5 Point_2070
-17 -22 22 21 Point_2071
81 -24 15 11 Point_2072
-78 -96 7 23 Point_2073
72 68 12 4 Point_2074
75 -56 21 20 Point_2075
-35 73 14 2 Point_2076
-87 -99 8 15 Point_2077
-21 14 6 15 Point_2078
90 63 11 20 Point_2079
19 -65 8 1 Point_2080
44 -18 15 25 Point_2081
-37 82 16 12 Point_2082
26 -97 20 23 Point_2083
-16 38 18 17 Point_2084
98 -92 12 25 Point_2085
-63 13 20 2 Point_2086
66 52 17 9 Point_2087
71 -73 24 3 Point_2088
-59 -87 11 8 Point_2089
95 84 25 2 Point_2090
94 48 25 13 Point_2091
6 -29 1 10 Point_2092
59 69 22 19 Point_2093
-99 98 15 11 Point_2094
53 -64 16 3 Point_2095
-21 -2 12 22 Point_2096
-34 -6 17 14 Point_2097
-89 -85 8 24 Point_2098
41 28 14 23 Point_2099
30 -34 25 5 Point_2100
-86 72 18 16 Point_2101
86 6 16 25 Point_2102
92 36 7 3 Point_2103
-30 14 15 9 Point_2104
18 -47 13 16 Point_2105
26 13 20 7 Point_2106
1 -94 22 14 Point_2107
-61 -16 10 1 Point_2108
-80 26 2 22 Point_2109
-2 25 7 6 Point_2110
-67 -9 22 6 Point_2111
-54 14 1 1 Point_2112
-69 -84 25 14 Point_2113
15 45 20 25 Point_2114
76 -40 24 4 Point_2115
50 -64 4 24 Point_2116
0 43 14 8 Point_2117
-49 -87 23 19 Point_2118
-90 15 13 6 Point_2119
-48 63 2 19 Point_2120
100 19 25 1 Point_2121
-72 24 19 16 Point_2122
-8 -18 23 3 Point_2123
-51 -26 12 17 Point_2124
67 -100 14 5 Point_2125
-17 -43 24 10 Point_2126
-25 43 25 18 Point_2127
-33 43 9 9 Point_2128
-95 5 25 11 Point_2129
58 28 21 11 Point_2130
61 -35 6 21 Point_2131
22 -40 6 20 Point_2132
-90 -27 17 3 Point_2133
15 -54 4 20 Point_2134
-98 -48 21 22 Point_2135
26 12 16 11 Point_2136
12 80 15 6 Point_2137
83 -64 2 22 Point_2138
65 14 1 2 Point_2139
-46 -86 2 23 Point_2140
-18 81 13 19 Point_2141
0 46 22 3 Point_2142
37 16 16 3 Point_2143
-22 21 11 24 Point_2144
-22 85 3 6 Point_2145
35 6 7 3 Point_2146
-84 -10 9 18 Point_2147
-51 -35 23 4 Point_2148
-4 48 20 16 Point_2149
39 -26 22 13 Point_2150
26 -94 23 10 Point_2151
64 35 12 3 Point_2152
14 83 20 5 Point_2153
52 -99 16 1 Point_2154
96 6 14 13 Point_2155
1 -49 16 2 Point_2156
60 -50 7 10 Point_2157
64 -40 9 18 Point_2158
17 79 11 15 Point_2159
-41 52 14 9 Point_2160
-27 -1 15 9 Point_2161
34 -6 24 23 Point_2162
-55 -26 17 8 Point_2163
-27 42 19 21 Point_2164
-31 82 2 2 Point_2165
-4 4 16 12 Point_2166
-12 -45 8 25 Point_2167
65 -90 13 4 Point_2168
-6 -39 18 3 Point_2169
-75 15 14 12 Point_2170
-5 -72 21 8 Point_2171
-65 53 9 25 Point_2172
77 -47 25 16 Point_2173
-63 -22 11 7 Point_2174
34 16 7 4 Point_2175
-99 77 3 7 Point_2176
-17 48 9 17 Point_2177
-56 -24 1 10 Point_2178
38 77 6 21 Point_2179
-9 -66 12 19 Point_2180
-63 -96 8 17 Point_2181
33 -39 23 15 Point_2182
45 -32 23 19 Point_2183
76 27 25 22 Point_2184
12 -95 16 15 Point_2185
95 32 10 4 Point_2186
-54 -57 1 13 Point_2187
9 -33 14 18 Point_2188
-86 61 3 23 Point_2189
-25 53 16 3 Point_2190
-57 -31 7 3 Point_2191
27 -57 23 8 Point_2192
45 31 7 8 Point_2193
-17 -87 9 22 Point_2194
-32 93 17 22 Point_2195
52 41 20 3 Point_2196
-76 9 20 1 Point_2197
-51 -39 18 15 Point_2198
-17 -19 18 15 Point_2199
-7 -40 9 6 Point_2200
-63 -44 6 12 Point_2201
-14 24 10 6 Point_2202
53 59 2 14 Point_2203
70 8 16 15 Point_2204
-78 97 5 6 Point_2205
-69 68 11 22 Point_2206
100 -100 23 25 Point_2207
-80 -64 17 17 Point_2208
32 -6 1 12 Point_2209
27 -12 25 9 Point_2210
-71 90 19 16 Point_2211
-78 -67 23 24 Point_2212
-83 9 12 7 Point_2213
-6 2 13 20 Point_2214
13 -69 17 19 Point_2215
64 21 11 16 Point_2216
-41 38 18 1 Point_2217
96 24 12 7 Point_2218
-66 18 16 16 Point_2219
-52 94 5 7 Point_2220
-92 13 3 25 Point_2221
86 20 6 15 Point_2222
-82 -19 9 22 Point_2223
26 -8 25 23 Point_2224
68 73 3 10 Point_2225
-55 -58 4 4 Point_2226
83 30 5 10 Point_2227
-37 87 23 20 Point_2228
-26 50 8 17 Point_2229
-9 -43 18 5 Point_2230
-79 -83 18 1 Point_2231
73 41 20 3 Point_2232
37 31 4 22 Point_2233
27 47 15 20 Point_2234
-42 59 8 7 Point_2235
-14 98 12 23 Point_2236
-30 33 17 5 Point_2237
88 -38 20 22 Point_2238
-32 -1 19 7 Point_2239
78 -30 20 10 Point_2240
98 89 11 6 Point_2241
-16 12 9 17 Point_2242
93 43 24 17 Point_2243
40 -53 2 19 Point_2244
-87 69 18 2 Point_2245
47 28 2 18 Point_2246
-35 44 21 19 Point_2247
-33 26 12 6 Point_2248
-12 14 21 5 Point_2249
5 -67 11 14 Point_2250
-65 -14 20 14 Point_2251
-77 19 21 12 Point_2252
-43 68 16 23 Point_2253
61 58 16 15 Point_2254
49 -15 4 8 Point_2255
14 -14 13 7 Point_2256
-58 -63 1 17 Point_2257
-66 -58 8 10 Point_2258
6 -56 7 1 Point_2259
76 -59 4 8 Point_2260
-37 21 22 11 Point_2261
-55 -2 8 21 Point_2262
74 -34 15 18 Point_2263
-92 72 25 9 Point_2264
-25 23 9 2 Point_2265
86 -96 22 16 Point_2266
77 -83 4 21 Point_2267
68 95 15 23 Point_2268
-65 -92 12 9 Point_2269
-81 -97 22 23 Point_2270
-23 -96 3 13 Point_2271
96 79 5 3 Point_2272
-24 18 2 4 Point_2273
48 -66 19 20 Point_2274
89 31 25 11 Point_2275
-32 -12 19 14 Point_2276
-14 -12 24 24 Point_2277
10 40 11 25 Point_2278
-14 -12 8 9 Point_2279
-18 -24 18 17 Point_2280
14 -83 1 13 Point_2281
89 -4 18 18 Point_2282
6 -87 24 1 Point_2283
-95 10 3 24 Point_2284
10 -32 10 6 Point_2285
93 -19 3 20 Point_2286
80 37 17 7 Point_2287
-9 -87 16 18 Point_2288
93 15 15 3 Point_2289
38 75 18 24 Point_2290
74 -75 24 22 Point_2291
-5 71 17 5 Point_2292
-65 -11 6 16 Point_2293
84 -88 4 5 Point_2294
-13 12 11 24 Point_2295
65 -32 7 17 Point_2296
-69 48 8 7 Point_2297
-42 -80 18 6 Point_2298
-81 -88 5 19 Point_2299
-6 -46 15 13 Point_2300
-92 0 17 14 Point_2301
-86 -32 11 21 Point_2302
-9 -19 14 10 Point_2303
89 -6 6 20 Point_2304
46 21 10 9 Point_2305
-59 -30 3 3 Point_2306
74 33 17 14 Point_2307
-100 84 15 2 Point_2308
71 89 6 17 Point_2309
-75 -20 24 8 Point_2310
-56 4 17 25 Point_2311
-12 75 2 13 Point_2312
11 3 7 10 Point_2313
-77 -52 12 18 Point_2314
97 79 24 5 Point_2315
100 -25 15 21 Point_2316
-39 -42 17 24 Point_2317
98 34 23 25 Point_2318
30 49 9 10 Point_2319
81 99 22 2 Point_2320
79 -15 13 15 Point_2321
-95 59 7 16 Point_2322
-81 15 21 2 Point_2323
-10 56 23 19 Point_2324
73 -83 22 12 Point_2325
63 44 21 24 Point_2326
84 35 25 3 Point_2327
37 10 7 1 Point_2328
-21 -66 24 21 Point_2329
-82 -44 10 23 Point_2330
51 -47 3 13 Point_2331
95 -26 10 21 Point_2332
85 8 14 6 Point_2333
5 46 17 22 Point_2334
65 -3 22 14 Point_2335
-58 8 5 25 Point_2336
17 46 12 3 Point_2337
21 -18 22 10 Point_2338
-71 -53 6 17 Point_2339
31 27 23 15 Point_2340
-21 -15 21 11 Point_2341
-83 -53 22 14 Point_2342
-56 -59 16 2 Point_2343
34 77 3 3 Point_2344
-86 55 12 25 Point_2345
84 8 15 6 Point_2346
-86 60 9 9 Point_2347
-30 68 16 9 Point_2348
23 -19 5 15 Point_2349
74 34 12 13 Point_2350
20 -70 12 25 Point_2351
-51 28 24 17 Point_2352
-20 -95 25 1 Point_2353
-9 -80 15 15 Point_2354
2 -91 11 18 Point_2355
-49 -21 16 20 Point_2356
61 97 23 24 Point_2357
-78 14 21 3 Point_2358
-24 -62 7 10 Point_2359
-94 -8 16 19 Point_2360
-99 5 20 9 Point_2361
48 -36 9 15 Point_2362
95 -73 1 4 Point_2363
-13 65 21 15 Point_2364
23 96 20 1 Point_2365
29 -12 4 22 Point_2366
-13 -39 6 11 Point_2367
60 -54 9 3 Point_2368
42 98 25 11 Point_2369
-52 56 24 7 Point_2370
-53 80 21 24 Point_2371
42 -15 5 3 Point_2372
-90 80 14 12 Point_2373
-54 -88 1 6 Point_2374
99 93 20 23 Point_2375
-65 92 17 18 Point_2376
93 -87 19 12 Point_2377
45 -58 8 7 Point_2378
32 60 18 20 Point_2379
40 -54 22 20 Point_2380
87 -86 20 19 Point_2381
-39 14 3 11 Point_2382
67 13 4 13 Point_2383
-20 57 2 6 Point_2384
65 -99 13 24 Point_2385
-82 -49 2 16 Point_2386
-8 41 4 17 Point_2387
84 -34 7 7 Point_2388
35 -1 10 13 Point_2389
12 -58 23 20 Point_2390
-53 -99 22 20 Point_2391
-91 63 21 9 Point_2392
-38 -46 17 6 Point_2393
69 -5 17 16 Point_2394
26 12 24 5 Point_2395
-58 47 22 20 Point_2396
-29 -40 15 11 Point_2397
-35 -23 3 10 Point_2398
46 19 18 17 Point_2399
-63 56 17 18 Point_2400
-63 73 21 21 Point_2401
66 -31 6 19 Point_2402
56 -41 5 14 Point_2403
13 -60 12 15 Point_2404
-17 5 16 16 Point_2405
31 -90 5 1 Point_2406
-38 45 23 4 Point_2407
-12 79 12 8 Point_2408
70 -20 6 9 Point_2409
-54 -1 17 2 Point_2410
-24 51 20 7 Point_2411
-50 -1 8 17 Point_2412
-69 -17 21 18 Point_2413
14 -73 2 8 Point_2414
-45 -50 2 4 Point_2415
89 84 5 7 Point_2416
73 -89 17 17 Point_2417
22 59 23 6 Point_2418
93 82 20 17 Point_2419
42 25 7 13 Point_2420
-84 17 9 19 Point_2421
60 -19 22 23 Point_2422
83 -33 9 1 Point_2423
22 78 16 6 Point_2424
97 -61 6 2 Point_2425
-74 22 17 6 Point_2426
-77 57 14 24 Point_2427
98 -97 5 6 Point_2428
-23 -26 11 24 Point_2429
-14 38 4 11 Point_2430
-29 -20 6 12 Point_2431
9 -38 15 19 Point_2432
48 -43 20 16 Point_2433
-62 -11 25 8 Point_2434
-78 68 18 14 Point_2435
-17 -17 22 20 Point_2436
-49 74 24 16 Point_2437
28 47 8 10 Point_2438
-64 5 12 14 Point_2439
34 -38 14 1 Point_2440
-64 -98 21 9 Point_2441
79 73 22 24 Point_2442
54 -86 8 8 Point_2443
-34 -5 6 5 Point_2444
32 47 13 10 Point_2445
-7 -37 22 10 Point_2446
51 -47 24 1 Point_2447
-73 91 12 2 Point_2448
39 -98 24 12 Point_2449
52 -22 12 8 Point_2450
-10 -93 6 2 Point_2451
-66 -19 14 10 Point_2452
65 -64 21 25 Point_2453
-26 -99 23 1 Point_2454
-90 35 8 4 Point_2455
63 -89 3 17 Point_2456
-10 -99 7 1 Point_2457
15 48 25 13 Point_2458
48 67 9 11 Point_2459
-1 -56 23 7 Point_2460
27 1 13 24 Point_2461
-62 -36 16 20 Point_2462
91 39 3 19 Point_2463
-21 -73 13 20 Point_2464
42 -22 7 5 Point_2465
-41 -36 11 23 Point_2466
-71 -26 2 15 Point_2467
14 65 24 17 Point_2468
-8 27 17 15 Point_2469
-7 77 18 5 Point_2470
10 18 18 22 Point_2471
-21 20 21 7 Point_2472
-40 12 8 19 Point_2473
0 30 22 6 Point_2474
-70 84 11 1 Point_2475
-3 -37 24 13 Point_2476
96 98 9 2 Point_2477
-55 21 20 25 Point_2478
32 65 6 6 Point_2479
-73 -50 18 12 Point_2480
-86 19 5 25 Point_2481
21 41 14 14 Point_2482
-78 -39 14 10 Point_2483
-85 99 16 7 Point_2484
-93 -88 15 3 Point_2485
37 -17 12 5 Point_2486
4 26 15 25 Point_2487
-74 84 25 15 Point_2488
-86 67 23 5 Point_2489
-71 80 22 25 Point_2490
-94 95 25 2 Point_2491
44 -47 24 16 Point_2492
-29 -65 16 8 Point_2493
36 49 8 11 Point_2494
0 97 6 1 Point_2495
-29 -88 12 5 Point_2496
-18 -37 22 5 Point_2497
-49 68 8 14 Point_2498
-74 66 9 23 Point_2499
-21 -56 4 3 Point_2500
-47 85 21 22 Point_2501
-48 -6 4 15 Point_2502
77 72 3 15 Point_2503
25 48 15 17 Point_2504
-19 -25 12 11 Point_2505
100 -12 21 19 Point_2506
-78 -94 1 2 Point_2507
-1 55 14 12 Point_2508
97 -93 25 3 Point_2509
18 -28 10 7 Point_2510
81 -65 4 24 Point_2511
-47 -70 2 6 Point_2512
-2 18 12 16 Point_2513
29 -80 9 5 Point_2514
44 -37 7 22 Point_2515
63 9 2 5 Point_2516
-4 -80 24 1 Point_2517
-90 -16 13 20 Point_2518
-9 9 8 5 Point_2519
0 -83 4 11 Point_2520
-3 -41 7 23 Point_2521
2 -78 10 4 Point_2522
-6 49 6 2 Point_2523
-95 20 19 12 Point_2524
75 37 16 6 Point_2525
-98 99 17 19 Point_2526
-31 -44 25 4 Point_2527
23 4 11 17 Point_2528
-22 76 5 22 Point_2529
46 -95 7 25 Point_2530
58 -42 19 18 Point_2531
100 -23 9 6 Point_2532
63 -52 20 13 Point_2533
-88 -81 11 6 Point_2534
97 -1 6 21 Point_2535
74 -91 22 23 Point_2536
-65 46 23 9 Point_2537
66 19 9 15 Point_2538
26 41 3 5 Point_2539
-45 -88 22 16 Point_2540
19 -50 5 22 Point_2541
-97 -1 15 16 Point_2542
-26 22 1 7 Point_2543
-79 69 17 22 Point_2544
-7 49 18 17 Point_2545
47 22 22 12 Point_2546
-95 -76 5 23 Point_2547
-85 -76 5 14 Point_2548
-64 27 7 24 Point_2549
-71 93 20 11 Point_2550
63 -38 1 18 Point_2551
92 59 3 12 Point_2552
-71 -4 9 13 Point_2553
-29 -92 19 10 Point_2554
17 -34 8 18 Point_2555
48 -31 13 11 Point_2556
13 -5 11 16 Point_2557
-13 -48 12 18 Point_2558
-2 68 15 18 Point_2559
-66 90 23 4 Point_2560
32 -55 7 11 Point_2561
3 -89 21 3 Point_2562
-67 -83 20 14 Point_2563
-45 -97 5 20 Point_2564
-2 -66 3 15 Point_2565
-85 69 5 24 Point_2566
-27 30 17 15 Point_2567
76 15 7 18 Point_2568
96 51 10 14 Point_2569
-43 -54 24 7 Point_2570
30 -14 18 10 Point_2571
38 -10 9 16 Point_2572
-64 80 19 2 Point_2573
-51 -6 22 8 Point_2574
94 -55 7 1 Point_2575
25 -5 20 17 Point_2576
43 -95 13 17 Point_2577
44 -55 21 19 Point_2578
-41 -47 20 1 Point_2579
55 -23 23 10 Point_2580
-21 5 7 15 Point_2581
42 70 20 20 Point_2582
96 80 13 16 Point_2583
86 -34 25 2 Point_2584
10 -9 22 25 Point_2585
-39 64 15 14 Point_2586
27 -57 3 6 Point_2587
7 28 4 6 Point_2588
76 50 3 1 Point_2589
15 -11 20 7 Point_2590
-93 -90 14 22 Point_2591
-75 70 20 9 Point_2592
-19 37 3 1 Point_2593
100 -4 24 22 Point_2594
-64 -5 10 16 Point_2595
-13 -74 15 20 Point_2596
-76 -83 2 9 Point_2597
-75 61 3 6 Point_2598
-32 -64 15 25 Point_2599
14 62 9 17 Point_2600
-25 -57 25 13 Point_2601
-32 -2 13 3 Point_2602
24 7 5 19 Point_2603
100 95 1 19 Point_2604
-14 -95 15 18 Point_2605
-50 74 16 3 Point_2606
-30 60 17 16 Point_2607
-83 -58 14 21 Point_2608
37 59 19 11 Point_2609
-17 49 25 25 Point_2610
19 18 13 20 Point_2611
52 28 12 2 Point_2612
7 90 7 23 Point_2613
-53 -22 12 6 Point_2614
-12 89 17 11 Point_2615
-30 57 17 11 Point_2616
-52 100 23 1 Point_2617
49 61 10 6 Point_2618
-70 -81 11 14 Point_2619
-40 -16 17 6 Point_2620
-24 19 24 18 Point_2621
-19 0 18 21 Point_2622
65 -71 3 23 Point_2623
66 64 8 13 Point_2624
38 -74 13 11 Point_2625
45 27 23 5 Point_2626
-78 -93 15 24 Point_2627
73 21 1 5 Point_2628
94 -14 5 9 Point_2629
95 77 4 22 Point_2630
-72 51 13 21 Point_2631
-96 -38 1 10 Point_2632
28 41 22 12 Point_2633
-56 -18 21 18 Point_2634
6 18 15 17 Point_2635
20 -93 18 12 Point_2636
84 -52 14 11 Point_2637
-56 -7 3 15 Point_2638
-5 12 2 3 Point_2639
-48 -2 22 5 Point_2640
13 50 4 24 Point_2641
28 73 3 4 Point_2642
96 99 1 5 Point_2643
36 -41 12 14 Point_2644
22 -8 9 11 Point_2645
-64 -1 7 20 Point_2646
34 -36 10 4 Point_2647
34 38 23 23 Point_2648
-38 58 5 10 Point_2649
99 -45 12 12 Point_2650
86 7 15 11 Point_2651
-77 92 17 10 Point_2652
-82 80 8 16 Point_2653
18 73 15 25 Point_2654
23 -81 22 10 Point_2655
63 52 25 5 Point_2656
-74 87 7 2 Point_2657
47 93 2 3 Point_2658
-56 41 8 9 Point_2659
-98 -88 3 14 Point_2660
-85 -22 15 23 Point_2661
-51 20 15 22 Point_2662
98 84 3 6 Point_2663
80 -51 19 2 Point_2664
6 -5 10 16 Point_2665
90 15 4 15 Point_2666
-8 -29 17 11 Point_2667
48 -59 18 21 Point_2668
-15 69 12 6 Point_2669
100 23 20 2 Point_2670
-23 -42 25 2 Point_2671
1 79 11 11 Point_2672
-90 91 8 20 Point_2673
-83 40 10 15 Point_2674
87 -75 1 22 Point_2675
80 -66 6 15 Point_2676
-6 52 3 19 Point_2677
95 -60 5 25 Point_2678
45 -93 16 13 Point_2679
34 71 6 20 Point_2680
3 -77 7 14 Point_2681
99 44 17 14 Point_2682
9 -29 22 15 Point_2683
-46 -75 25 2 Point_2684
11 45 12 6 Point_2685
11 85 16 19 Point_2686
-55 89 11 21 Point_2687
-46 19 12 1 Point_2688
-93 82 8 17 Point_2689
-64 0 5 11 Point_2690
58 -69 12 7 Point_2691
10 -42 13 21 Point_2692
86 19 17 25 Point_2693
-61 93 12 7 Point_2694
92 -43 25 14 Point_2695
-56 63 8 7 Point_2696
-16 49 18 21 Point_2697
88 19 5 14 Point_2698
39 77 16 19 Point_2699
53 -82 25 20 Point_2700
-8 -88 9 2 Point_2701
97 -52 25 13 Point_2702
90 -9 5 17 Point_2703
-86 -13 16 5 Point_2704
8 -78 25 21 Point_2705
36 37 17 7 Point_2706
90 -10 4 22 Point_2707
-4 46 15 6 Point_2708
-77 29 24 1 Point_2709
-60 -95 14 7 Point_2710
-80 98 5 16 Point_2711
-64 -73 21 11 Point_2712
-22 -70 23 7 Point_2713
-73 69 9 9 Point_2714
78 98 6 8 Point_2715
-11 -49 2 13 Point_2716
85 -6 11 7 Point_2717
21 -92 6 16 Point_2718
-9 40 11 1 Point_2719
1 29 16 1 Point_2720
-46 -1 3 3 Point_2721
46 60 6 22 Point_2722
-82 29 5 23 Point_2723
12 14 3 13 Point_2724
53 -24 25 10 Point_2725
39 82 25 23 Point_2726
1 -87 23 14 Point_2727
22 -100 20 25 Point_2728
27 20 4 6 Point_2729
-8 30 19 11 Point_2730
-43 73 2 1 Point_2731
-48 18 16 18 Point_2732
-33 -48 13 22 Point_2733
-100 -42 8 12 Point_2734
-93 -97 8 13 Point_2735
49 -14 13 1 Point_2736
55 -75 17 24 Point_2737
-74 64 11 19 Point_2738
63 -35 8 7 Point_2739
55 83 22 19 Point_2740
-46 72 2 20 Point_2741
-76 94 25 8 Point_2742
-5 -8 19 5 Point_2743
-76 -29 4 20 Point_2744
-43 76 2 2 Point_2745
24 -22 22 17 Point_2746
98 15 19 8 Point_2747
71 76 1 9 Point_2748
-12 37 4 23 Point_2749
-13 26 12 6 Point_2750
-47 74 1 10 Point_2751
46 84 23 8 Point_2752
-49 71 24 7 Point_2753
25 19 3 15 Point_2754
-15 8 10 15 Point_2755
-32 -33 19 15 Point_2756
6 -43 18 2 Point_2757
-94 -78 18 10 Point_2758
60 -65 7 3 Point_2759
87 95 5 25 Point_2760
50 56 24 23 Point_2761
65 -41 16 15 Point_2762
-62 52 7 13 Point_2763
-7 11 22 3 Point_2764
-20 -16 4 15 Point_2765
5 19 18 6 Point_2766
-69 -90 18 19 Point_2767
66 -99 22 13 Point_2768
-19 78 8 10 Point_2769
55 -20 20 15 Point_2770
-14 87 6 5 Point_2771
-37 -91 12 21 Point_2772
60 52 2 5 Point_2773
2 -37 4 15 Point_2774
72 11 25 25 Point_2775
47 -63 3 14 Point_2776
52 63 6 24 Point_2777
72 -35 5 14 Point_2778
20 -82 16 25 Point_2779
18 -74 14 21 Point_2780
-89 37 6 23 Point_2781
-20 -98 2 15 Point_2782
-77 -11 8 3 Point_2783
0 38 21 24 Point_2784
-92 68 23 13 Point_2785
20 5 24 6 Point_2786
76 95 3 3 Point_2787
47 21 15 2 Point_2788
-7 60 5 14 Point_2789
6 28 20 25 Point_2790
82 -96 1 19 Point_2791
15 3 13 10 Point_2792
45 -36 22 6 Point_2793
18 -58 3 17 Point_2794
-65 65 10 6 Point_2795
58 -54 21 9 Point_2796
-94 69 14 21 Point_2797
-88 -61 23 13 Point_2798
-8 60 20 12 Point_2799
68 -34 25 24 Point_2800
92 73 24 4 Point_2801
60 -61 23 15 Point_2802
87 47 6 4 Point_2803
31 86 4 8 Point_2804
-63 41 6 9 Point_2805
-92 77 23 3 Point_2806
-17 86 7 20 Point_2807
-45 89 19 7 Point_2808
81 -28 6 22 Point_2809
-9 92 13 4 Point_2810
-87 -62 16 14 Point_2811
41 -95 11 24 Point_2812
-89 -85 6 12 Point_2813
82 -91 1 21 Point_2814
-95 -28 1 2 Point_2815
75 99 12 24 Point_2816
75 -9 8 19 Point_2817
99 -59 8 20 Point_2818
-86 -46 4 8 Point_2819
-24 57 25 21 Point_2820
-48 17 25 15 Point_2821
50 -96 9 15 Point_2822
-49 -6 17 1 Point_2823
42 -47 9 6 Point_2824
-51 87 24 25 Point_2825
62 93 1 24 Point_2826
64 -62 1 25 Point_2827
-19 -87 18 12 Point_2828
-21 -87 12 10 Point_2829
-6 -81 3 2 Point_2830
72 -38 22 12 Point_2831
-16 18 24 8 Point_2832
-5 43 15 8 Point_2833
35 -60 24 21 Point_2834
83 79 16 8 Point_2835
67 -56 14 24 Point_2836
69 -8 22 10 Point_2837
-24 67 10 3 Point_2838
1 -42 22 17 Point_2839
84 -14 15 12 Point_2840
4 88 4 2 Point_2841
48 84 8 11 Point_2842
-9 99 10 19 Point_2843
55 77 5 2 Point_2844
23 -94 12 17 Point_2845
-37 55 12 18 Point_2846
-72 -31 23 18 Point_2847
-10 -68 4 6 Point_2848
57 24 17 19 Point_2849
51 -2 25 24 Point_2850
-28 80 20 8 Point_2851
91 -78 3 5 Point_2852
-100 51 13 14 Point_2853
-40 2 20 3 Point_2854
-83 77 24 2 Point_2855
9 -65 12 11 Point_2856
-27 -68 20 14 Point_2857
82 18 19 11 Point_2858
-100 41 24 11 Point_2859
-58 -76 4 6 Point_2860
4 49 25 21 Point_2861
-10 96 16 21 Point_2862
-7 70 17 4 Point_2863
76 -4 15 22 Point_2864
-88 65 11 5 Point_2865
78 84 5 14 Point_2866
-91 46 13 23 Point_2867
34 26 11 1 Point_2868
-27 67 17 7 Point_2869
61 36 10 15 Point_2870
33 -85 14 18 Point_2871
-11 77 2 21 Point_2872
5 22 22 3 Point_2873
-81 -16 15 12 Point_2874
-96 -69 15 14 Point_2875
88 26 11 21 Point_2876
-23 -76 18 1 Point_2877
99 47 1 10 Point_2878
-89 -85 7 15 Point_2879
25 26 17 17 Point_2880
41 -65 22 6 Point_2881
41 22 20 22 Point_2882
100 -14 7 12 Point_2883
-86 52 12 21 Point_2884
-42 15 1 19 Point_2885
-49 60 18 14 Point_2886
9 86 19 6 Point_2887
96 57 22 14 Point_2888
1 12 13 23 Point_2889
-78 -58 12 24 Point_2890
99 5 11 25 Point_2891
-22 28 4 15 Point_2892
-67 -73 21 6 Point_2893
-81 75 7 8 Point_2894
-64 -85 12 13 Point_2895
27 48 25 11 Point_2896
47 -38 25 3 Point_2897
-24 -82 20 16 Point_2898
-89 35 15 17 Point_2899
-49 6 11 7 Point_2900
-83 43 21 12 Point_2901
-27 23 11 6 Point_2902
94 37 12 6 Point_2903
-77 -30 2 25 Point_2904
-88 97 4 24 Point_2905
37 78 20 24 Point_2906
6 -35 19 17 Point_2907
92 97 16 13 Point_2908
-67 -54 2 1 Point_2909
56 -80 19 22 Point_2910
67 38 13 12 Point_2911
-9 47 25 2 Point_2912
-58 67 14 8 Point_2913
100 -100 3 9 Point_2914
70 -17 24 18 Point_2915
91 76 19 23 Point_2916
50 -40 18 9 Point_2917
-100 53 20 1 Point_2918
-7 -44 18 11 Point_2919
-97 97 6 7 Point_2920
-82 51 25 12 Point_2921
-58 80 5 9 Point_2922
-15 -20 15 4 Point_2923
-58 -20 3 9 Point_2924
-100 -20 20 2 Point_2925
20 5 10 13 Point_2926
88 39 8 14 Point_2927
-26 13 4 14 Point_2928
80 37 21 4 Point_2929
-23 22 7 9 Point_2930
0 48 10 17 Point_2931
-25 59 17 3 Point_2932
-91 -12 9 23 Point_2933
-15 -66 19 13 Point_2934
-73 -34 16 4 Point_2935
87 85 3 1 Point_2936
-4 -55 8 15 Point_2937
8 36 23 20 Point_2938
-59 23 16 22 Point_2939
0 -100 1 7 Point_2940
54 93 22 14 Point_2941
-78 37 11 2 Point_2942
64 15 18 4 Point_2943
1 2 4 21 Point_2944
-42 74 19 19 Point_2945
-97 -33 10 2 Point_2946
-86 -2 15 8 Point_2947
-42 -24 3 21 Point_2948
-66 6 16 10 Point_2949
-8 -9 11 10 Point_2950
-7 -45 14 20 Point_2951
-70 -43 24 12 Point_2952
-37 -1 3 1 Point_2953
44 -55 21 2 Point_2954
75 -13 10 16 Point_2955
-85 64 22 9 Point_2956
3 38 2 11 Point_2957
64 36 15 8 Point_2958
50 91 11 10 Point_2959
4 54 16 11 Point_2960
-26 75 21 9 Point_2961
-6 38 17 16 Point_2962
84 -28 2 21 Point_2963
64 -9 9 23 Point_2964
-32 52 12 4 Point_2965
50 -87 25 3 Point_2966
-45 46 6 22 Point_2967
-61 75 13 19 Point_2968
-68 25 17 8 Point_2969
-6 -13 14 7 Point_2970
-98 18 19 20 Point_2971
22 90 16 14 Point_2972
46 14 25 11 Point_2973
-20 38 14 19 Point_2974
-19 -64 13 19 Point_2975
-78 47 22 12 Point_2976
-57 90 12 14 Point_2977
-83 -79 4 11 Point_2978
-15 70 14 21 Point_2979
-77 17 2 12 Point_2980
80 1 6 18 Point_2981
39 45 19 11 Point_2982
-81 -2 14 4 Point_2983
-49 41 11 1 Point_2984
78 -57 14 25 Point_2985
-93 37 16 11 Point_2986
69 -15 18 23 Point_2987
-55 -54 19 7 Point_2988
48 -28 25 13 Point_2989
-31 12 13 18 Point_2990
-89 -84 20 5 Point_2991
-23 31 6 14 Point_2992
-12 -22 11 23 Point_2993
-29 25 18 10 Point_2994
77 -32 3 8 Point_2995
-6 25 10 17 Point_2996
21 5 8 13 Point_2997
61 -27 5 1 Point_2998
98 -53 21 23 Point_2999
58 100 25 22 Point_3000
-57 19 2 20 Point_3001
47 -24 23 24 Point_3002
72 -92 18 4 Point_3003
78 -44 20 8 Point_3004
16 76 4 17 Point_3005
-11 -26 13 1 Point_3006
37 40 14 16 Point_3007
14 24 18 25 Point_3008
-30 -78 3 18 Point_3009
-66 88 24 8 Point_3010
37 20 10 6 Point_3011
-74 46 1 8 Point_3012
-94 -48 25 7 Point_3013
45 0 25 16 Point_3014
-23 15 16 21 Point_3015
83 -68 8 11 Point_3016
-2 -17 21 6 Point_3017
-89 -31 8 10 Point_3018
-24 34 15 11 Point_3019
18 -75 13 18 Point_3020
-24 -11 7 2 Point_3021
27 -32 6 23 Point_3022
-30 9 12 5 Point_3023
94 3 11 9 Point_3024
78 -6 15 9 Point_3025
90 48 20 7 Point_3026
78 18 17 20 Point_3027
-31 22 13 16 Point_3028
-4 56 8 1 Point_3029
36 -24 22 15 Point_3030
-45 -5 15 25 Point_3031
-97 -51 22 24 Point_3032
-11 72 20 14 Point_3033
-99 84 18 8 Point_3034
-5 59 9 3 Point_3035
-71 78 11 7 Point_3036
-18 59 8 7 Point_3037
91 56 15 4 Point_3038
14 74 9 8 Point_3039
97 52 15 17 Point_3040
19 97 2 1 Point_3041
-75 38 25 7 Point_3042
-96 24 23 8 Point_3043
-86 -36 9 15 Point_3044
4 -90 11 8 Point_3045
84 -55 17 5 Point_3046
39 65 14 13 Point_3047
54 -38 10 17 Point_3048
88 -35 8 6 Point_3049
-38 16 11 4 Point_3050
-39 28 14 8 Point_3051
-89 -65 17 5 Point_3052
-4 -20 2 18 Point_3053
23 -67 11 1 Point_3054
-89 -10 18 2 Point_3055
12 -38 5 3 Point_3056
-18 -9 3 21 Point_3057
-18 -49 18 2 Point_3058
-88 36 19 19 Point_3059
-20 47 15 3 Point_3060
58 47 21 19 Point_3061
62 38 19 21 Point_3062
76 96 18 5 Point_3063
-40 -29 14 13 Point_3064
48 -38 4 12 Point_3065
-77 -8 15 21 Point_3066
-87 4 1 3 Point_3067
-26 88 13 5 Point_3068
88 -51 8 17 Point_3069
71 72 2 13 Point_3070
-26 92 4 5 Point_3071
-1 82 2 13 Point_3072
59 64 24 4 Point_3073
-28 74 22 25 Point_3074
-94 77 10 14 Point_3075
44 -67 12 2 Point_3076
8 -39 8 21 Point_3077
86 -4 5 17 Point_3078
39 89 18 4 Point_3079
74 -51 6 7 Point_3080
-77 -53 10 1 Point_3081
4 78 22 11 Point_3082
-28 -25 7 5 Point_3083
68 29 15 20 Point_3084
-78 52 16 5 Point_3085
80 -88 13 1 Point_3086
75 -11 11 11 Point_3087
37 -14 8 23 Point_3088
79 41 17 15 Point_3089
15 40 17 22 Point_3090
-40 64 9 20 Point_3091
96 22 18 9 Point_3092
-40 -40 17 24 Point_3093
-27 83 11 18 Point_3094
32 -17 9 3 Point_3095
-46 10 19 4 Point_3096
-79 35 10 3 Point_3097
36 -32 25 6 Point_3098
20 -73 24 19 Point_3099
-6 -38 13 3 Point_3100
-9 64 2 21 Point_3101
-60 79 15 15 Point_3102
15 -32 10 12 Point_3103
-40 -64 15 14 Point_3104
94 -78 17 19 Point_3105
97 80 24 24 Point_3106
-16 56 17 5 Point_3107
-53 40 6 18 Point_3108
26 80 15 20 Point_3109
35 63 12 12 Point_3110
-10 -74 19 12 Point_3111
-69 -78 14 24 Point_3112
-96 -44 18 22 Point_3113
-2 -8 18 17 Point_3114
77 -96 15 21 Point_3115
43 99 19 25 Point_3116
43 46 14 6 Point_3117
-67 -54 5 11 Point_3118
46 -82 5 16 Point_3119
61 3 13 24 Point_3120
20 69 19 18 Point_3121
-8 -62 7 9 Point_3122
75 -23 17 10 Point_3123
22 -73 8 2 Point_3124
-33 -9 10 15 Point_3125
44 -24 8 16 Point_3126
-68 -19 19 10 Point_3127
7 -77 13 22 Point_3128
45 -7 18 21 Point_3129
-26 83 17 11 Point_3130
-51 21 18 17 Point_3131
49 88 13 25 Point_3132
-79 -94 16 7 Point_3133
-15 18 21 19 Point_3134
3 85 4 17 Point_3135
16 -39 14 12 Point_3136
9 -72 1 20 Point_3137
-31 -57 19 7 Point_3138
-62 46 18 20 Point_3139
-88 -41 12 21 Point_3140
-100 -34 21 6 Point_3141
98 -96 4 10 Point_3142
-14 37 11 8 Point_3143
-39 -1 20 17 Point_3144
65 33 9 7 Point_3145
-30 39 14 4 Point_3146
-61 -13 25 14 Point_3147
1 82 7 6 Point_3148
71 30 15 7 Point_3149
-39 -73 18 21 Point_3150
2 -57 21 24 Point_3151
38 56 23 15 Point_3152
96 35 24 24 Point_3153
-100 78 6 19 Point_3154
-12 -18 17 2 Point_3155
-48 85 12 13 Point_3156
-8 -66 7 20 Point_3157
92 -18 10 23 Point_3158
-80 -44 22 6 Point_3159
55 -79 6 22 Point_3160
-65 7 14 13 Point_3161
92 48 19 24 Point_3162
-36 13 20 24 Point_3163
-90 -7 6 5 Point_3164
-13 -64 8 6 Point_3165
-64 43 20 14 Point_3166
53 20 4 8 Point_3167
19 -90 22 20 Point_3168
-68 -14 13 21 Point_3169
-44 -6 18 22 Point_3170
-47 75 25 11 Point_3171
-55 86 16 25 Point_3172
-62 71 14 23 Point_3173
-57 -55 25 1 Point_3174
-85 -36 12 2 Point_3175
-31 -85 8 13 Point_3176
96 -21 23 25 Point_3177
-43 6 25 1 Point_3178
30 34 15 21 Point_3179
-39 25 19 9 Point_3180
58 54 10 17 Point_3181
-82 76 19 16 Point_3182
82 28 5 18 Point_3183
50 41 23 19 Point_3184
-98 -22 6 15 Point_3185
-71 -39 4 15 Point_3186
60 89 15 4 Point_3187
93 -69 21 20 Point_3188
46 84 12 18 Point_3189
-9 97 18 3 Point_3190
-92 97 19 20 Point_3191
19 -75 9 13 Point_3192
-91 -55 21 24 Point_3193
82 12 10 3 Point_3194
69 40 15 15 Point_3195
55 -74 9 13 Point_3196
-37 36 16 21 Point_3197
9 -48 4 2 Point_3198
52 56 10 17 Point_3199
-49 -64 25 6 Point_3200
88 94 10 20 Point_3201
6 56 17 22 Point_3202
-98 -67 19 3 Point_3203
77 -88 24 15 Point_3204
-30 38 1 15 Point_3205
48 59 22 4 Point_3206
-18 74 7 24 Point_3207
-70 57 4 21 Point_3208
54 -23 4 2 Point_3209
35 61 10 7 Point_3210
-30 5 14 8 Point_3211
-15 -22 24 3 Point_3212
68 75 14 10 Point_3213
-3 50 7 12 Point_3214
78 -22 4 15 Point_3215
93 -33 3 9 Point_3216
71 -23 6 4 Point_3217
30 -60 19 9 Point_3218
-83 -84 3 2 Point_3219
-73 -60 4 1 Point_3220
19 24 24 17 Point_3221
-26 -20 3 5 Point_3222
0 31 8 6 Point_3223
-94 -18 16 8 Point_3224
79 -80 21 12 Point_3225
100 -89 21 23 Point_3226
-2 -38 11 5 Point_3227
-96 -50 8 8 Point_3228
-9 -12 23 16 Point_3229
-95 78 6 5 Point_3230
-2 26 6 25 Point_3231
-76 41 2 1 Point_3232
57 -2 17 10 Point_3233
45 24 23 10 Point_3234
-49 43 12 15 Point_3235
22 -4 22 19 Point_3236
70 -29 16 10 Point_3237
-54 -9 20 9 Point_3238
-32 49 4 13 Point_3239
83 -13 13 19 Point_3240
85 46 7 3 Point_3241
-20 99 23 7 Point_3242
-70 61 1 3 Point_3243
-37 -24 7 14 Point_3244
95 14 22 19 Point_3245
39 -92 1 2 Point_3246
-43 -47 20 2 Point_3247
-95 -51 14 6 Point_3248
0 39 20 19 Point_3249
53 13 22 19 Point_3250
-88 44 25 10 Point_3251
-32 -65 22 24 Point_3252
51 99 17 13 Point_3253
4 -45 25 17 Point_3254
-43 -58 16 16 Point_3255
-98 -52 19 11 Point_3256
87 -8 18 22 Point_3257
14 93 7 25 Point_3258
84 -73 2 2 Point_3259
28 4 22 10 Point_3260
-23 23 17 17 Point_3261
22 64 6 2 Point_3262
-74 26 13 25 Point_3263
-64 -87 10 5 Point_3264
55 11 17 15 Point_3265
98 -68 6 6 Point_3266
-26 -11 24 6 Point_3267
72 85 24 1 Point_3268
-53 -36 17 7 Point_3269
-68 -97 23 25 Point_3270
98 -8 13 10 Point_3271
-11 30 6 17 Point_3272
-85 80 16 24 Point_3273
47 58 16 4 Point_3274
-66 -57 7 12 Point_3275
97 90 21 17 Point_3276
-98 -95 12 20 Point_3277
-31 38 6 22 Point_3278
-52 -28 1 17 Point_3279
20 43 15 21 Point_3280
-47 -32 8 12 Point_3281
14 -2 6 3 Point_3282
-6 -45 24 9 Point_3283
51 42 5 12 Point_3284
-58 -15 3 6 Point_3285
-82 -74 13 7 Point_3286
-36 -60 6 15 Point_3287
-29 11 25 24 Point_3288
88 29 21 15 Point_3289
81 -4 9 18 Point_3290
66 11 10 7 Point_3291
14 -93 20 23 Point_3292
-23 -19 9 2 Point_3293
17 44 8 2 Point_3294
63 -18 15 13 Point_3295
62 -70 11 18 Point_3296
72 87 21 4 Point_3297
-67 66 5 14 Point_3298
28 -91 18 13 Point_3299
-2 24 1 1 Point_3300
74 -74 10 3 Point_3301
28 -44 12 25 Point_3302
1 15 2 18 Point_3303
-85 -53 5 19 Point_3304
95 92 24 23 Point_3305
-17 -70 17 11 Point_3306
21 -67 3 16 Point_3307
-48 23 2 6 Point_3308
-52 36 1 20 Point_3309
-72 99 20 3 Point_3310
-43 -20 25 8 Point_3311
-80 -99 2 22 Point_3312
62 77 11 13 Point_3313
43 15 6 4 Point_3314
-25 75 16 16 Point_3315
58 -96 2 1 Point_3316
75 21 4 7 Point_3317
-96 -66 13 25 Point_3318
-18 -5 6 8 Point_3319
46 50 1 25 Point_3320
52 -25 4 19 Point_3321
-30 65 9 11 Point_3322
-98 58 2 21 Point_3323
59 -34 2 4 Point_3324
21 33 20 25 Point_3325
49 -43 18 14 Point_3326
51 44 15 25 Point_3327
-99 92 2 25 Point_3328
-1 -48 3 7 Point_3329
55 48 12 14 Point_3330
14 91 15 10 Point_3331
-55 -20 7 12 Point_3332
-18 95 22 20 Point_3333
18 -76 13 1 Point_3334
69 80 12 17 Point_3335
9 -64 5 17 Point_3336
-64 -24 1 18 Point_3337
-73 -72 9 8 Point_3338
87 35 15 23 Point_3339
33 -97 19 17 Point_3340
-30 7 11 14 Point_3341
-50 -93 22 14 Point_3342
-30 -64 15 4 Point_3343
-95 5 3 10 Point_3344
-38 12 25 9 Point_3345
-78 2 14 7 Point_3346
-6 74 4 3 Point_3347
79 0 19 18 Point_3348
-44 38 9 1 Point_3349
-62 56 3 19 Point_3350
-23 49 21 3 Point_3351
91 -85 7 12 Point_3352
-38 -49 15 8 Point_3353
-41 99 17 7 Point_3354
-32 80 23 24 Point_3355
4 98 12 17 Point_3356
-84 39 6 23 Point_3357
-79 -54 24 18 Point_3358
-93 50 8 9 Point_3359
67 47 12 20 Point_3360
-72 9 7 3 Point_3361
-69 -37 25 6 Point_3362
-34 74 17 5 Point_3363
-77 36 22 18 Point_3364
19 -10 5 1 Point_3365
44 -34 5 10 Point_3366
-7 61 5 18 Point_3367
96 50 21 25 Point_3368
-83 22 25 10 Point_3369
48 37 8 2 Point_3370
73 -62 16 24 Point_3371
-50 -69 24 24 Point_3372
99 48 8 7 Point_3373
1 56 3 19 Point_3374
-82 66 17 4 Point_3375
-56 -41 18 2 Point_3376
-77 -15 7 2 Point_3377
-89 43 3 6 Point_3378
3 9 23 5 Point_3379
27 58 3 3 Point_3380
25 -66 6 17 Point_3381
-36 -94 9 2 Point_3382
-90 49 10 12 Point_3383
-38 -61 4 8 Point_3384
61 -11 8 13 Point_3385
-2 29 15 21 Point_3386
-41 32 9 15 Point_3387
43 -79 11 14 Point_3388
35 -90 6 11 Point_3389
-90 -38 8 12 Point_3390
48 -87 15 12 Point_3391
-9 20 25 2 Point_3392
-79 0 15 1 Point_3393
72 -43 5 10 Point_3394
62 43 14 2 Point_3395
-7 -98 16 22 Point_3396
-10 54 17 3 Point_3397
-28 -49 23 1 Point_3398
-56 51 16 6 Point_3399
79 -53 9 24 Point_3400
77 -76 21 1 Point_3401
-35 8 1 1 Point_3402
-65 47 25 8 Point_3403
2 91 8 17 Point_3404
17 -68 14 7 Point_3405
50 96 25 13 Point_3406
38 -52 1 14 Point_3407
35 93 18 19 Point_3408
87 -100 25 4 Point_3409
-14 27 25 9 Point_3410
35 68 1 8 Point_3411
73 5 19 17 Point_3412
-38 -63 14 21 Point_3413
-75 26 23 15 Point_3414
-69 -16 5 7 Point_3415
-84 37 12 6 Point_3416
9 30 13 4 Point_3417
100 -89 18 4 Point_3418
-48 47 2 4 Point_3419
1 51 1 1 Point_3420
-69 94 3 12 Point_3421
97 67 6 6 Point_3422
78 -88 16 12 Point_3423
-39 1 2 7 Point_3424
56 -16 18 24 Point_3425
20 44 25 24 Point_3426
-20 37 21 8 Point_3427
60 29 12 20 Point_3428
15 21 21 24 Point_3429
27 -64 25 10 Point_3430
-28 4 19 20 Point_3431
-54 10 7 20 Point_3432
-28 -97 12 18 Point_3433
61 -58 14 5 Point_3434
-68 65 19 3 Point_3435
-91 -80 25 12 Point_3436
-10 -44 16 16 Point_3437
68 5 7 6 Point_3438
47 83 3 23 Point_3439
-27 18 19 15 Point_3440
-47 -89 24 7 Point_3441
6 -89 18 14 Point_3442
18 81 10 3 Point_3443
80 24 9 5 Point_3444
-70 -78 14 2 Point_3445
56 -43 23 1 Point_3446
38 -28 9 15 Point_3447
30 99 8 17 Point_3448
80 -59 25 12 Point_3449
48 -22 23 12 Point_3450
25 -98 17 20 Point_3451
-2 53 25 12 Point_3452
29 18 17 25 Point_3453
81 30 6 5 Point_3454
74 6 25 16 Point_3455
88 1 1 17 Point_3456
88 19 12 13 Point_3457
-92 -26 20 1 Point_3458
72 80 24 1 Point_3459
98 -95 8 18 Point_3460
66 23 8 1 Point_3461
19 -33 21 19 Point_3462
19 17 13 16 Point_3463
-2 -38 25 11 Point_3464
-75 42 14 14 Point_3465
-50 -60 4 9 Point_3466
1 22 10 14 Point_3467
95 89 1 5 Point_3468
48 31 3 24 Point_3469
-55 -38 19 3 Point_3470
-65 94 25 20 Point_3471
64 -59 25 20 Point_3472
65 -57 19 25 Point_3473
-69 50 6 11 Point_3474
-53 14 12 13 Point_3475
-21 78 17 19 Point_3476
80 -10 24 6 Point_3477
-29 9 5 10 Point_3478
-82 48 2 16 Point_3479
23 -14 19 24 Point_3480
-27 -5 18 16 Point_3481
14 79 25 23 Point_3482
-99 -69 22 12 Point_3483
73 -91 18 18 Point_3484
12 -51 22 5 Point_3485
55 8 4 21 Point_3486
83 -44 10 14 Point_3487
3 15 23 12 Point_3488
94 -54 24 17 Point_3489
68 14 25 10 Point_3490
26 28 20 12 Point_3491
-25 -68 18 5 Point_3492
86 71 19 24 Point_3493
-56 -80 5 23 Point_3494
-65 68 25 21 Point_3495
100 79 18 2 Point_3496
10 -32 19 8 Point_3497
64 92 9 24 Point_3498
-87 -46 6 12 Point_3499
-39 -31 17 15 Point_3500
-81 -72 2 24 Point_3501
-36 -6 1 4 Point_3502
-8 10 24 9 Point_3503
-99 -25 6 17 Point_3504
77 -41 3 8 Point_3505
39 97 13 1 Point_3506
58 84 9 11 Point_3507
21 17 1 17 Point_3508
-5 59 12 20 Point_3509
23 67 15 16 Point_3510
-49 -97 5 8 Point_3511
-19 -83 4 6 Point_3512
-47 27 25 13 Point_3513
-75 64 19 18 Point_3514
-51 95 15 7 Point_3515
-3 -89 7 4 Point_3516
-6 8 11 2 Point_3517
72 -84 21 5 Point_3518
10 48 16 2 Point_3519
54 -61 20 14 Point_3520
3 -20 11 7 Point_3521
62 -22 9 9 Point_3522
93 20 1 22 Point_3523
-2 68 19 23 Point_3524
-36 85 4 14 Point_3525
-21 -12 19 23 Point_3526
-15 -19 21 25 Point_3527
30 -3 1 4 Point_3528
23 99 21 8 Point_3529
15 -69 10 20 Point_3530
56 -85 6 24 Point_3531
-24 58 4 5 Point_3532
12 -64 3 12 Point_3533
-21 78 6 5 Point_3534
-53 -65 17 6 Point_3535
49 84 9 22 Point_3536
-35 -5 2 10 Point_3537
28 76 11 16 Point_3538
28 90 6 5 Point_3539
27 -55 4 4 Point_3540
-9 -70 22 15 Point_3541
86 -3 1 15 Point_3542
-66 -39 23 2 Point_3543
-39 -50 15 19 Point_3544
67 -6 20 22 Point_3545
-61 -64 7 3 Point_3546
-23 -85 2 20 Point_3547
78 81 2 25 Point_3548
71 -32 11 16 Point_3549
13 -71 8 4 Point_3550
96 -12 4 2 Point_3551
-77 -7 8 3 Point_3552
70 45 4 18 Point_3553
-15 48 13 6 Point_3554
-76 16 13 14 Point_3555
23 -42 17 7 Point_3556
6 -93 4 23 Point_3557
-66 74 10 9 Point_3558
82 100 22 2 Point_3559
35 78 25 2 Point_3560
81 -6 23 11 Point_3561
-36 -31 14 24 Point_3562
98 -5 25 1 Point_3563
-28 42 22 12 Point_3564
-99 97 6 25 Point_3565
-43 27 12 5 Point_3566
-17 -43 4 17 Point_3567
95 69 23 2 Point_3568
57 -53 23 4 Point_3569
-88 63 16 2 Point_3570
94 -87 4 12 Point_3571
-64 59 10 6 Point_3572
37 56 12 4 Point_3573
68 68 9 16 Point_3574
-56 55 18 21 Point_3575
68 -67 14 23 Point_3576
-28 -70 23 18 Point_3577
27 30 3 24 Point_3578
88 66 18 9 Point_3579
56 -69 11 14 Point_3580
61 -76 16 17 Point_3581
57 48 3 6 Point_3582
-22 19 10 18 Point_3583
80 6 14 25 Point_3584
24 96 14 16 Point_3585
-99 -50 23 10 Point_3586
45 -92 5 20 Point_3587
10 -88 1 15 Point_3588
-21 -56 1 12 Point_3589
-94 -68 21 16 Point_3590
-73 12 4 2 Point_3591
-45 -1 19 9 Point_3592
48 99 20 19 Point_3593
-44 41 9 2 Point_3594
-81 -16 19 7 Point_3595
-47 -59 7 12 Point_3596
2 -27 22 16 Point_3597
93 43 8 19 Point_3598
30 49 22 2 Point_3599
-40 -24 8 11 Point_3600
-22 -68 20 4 Point_3601
-46 45 4 1 Point_3602
-45 89 24 5 Point_3603
-78 -61 11 13 Point_3604
-77 50 24 15 Point_3605
-19 -13 12 17 Point_3606
58 -74 13 14 Point_3607
-100 -54 9 25 Point_3608
4 22 17 21 Point_3609
-96 7 3 8 Point_3610
64 -37 10 19 Point_3611
49 -24 6 14 Point_3612
68 37 19 1 Point_3613
-32 -37 5 25 Point_3614
-11 79 20 10 Point_3615
-83 -23 8 3 Point_3616
-53 39 14 21 Point_3617
-42 22 16 2 Point_3618
-46 37 17 21 Point_3619
-93 -14 11 15 Point_3620
-66 1 16 14 Point_3621
-31 -30 20 19 Point_3622
-28 100 20 3 Point_3623
-21 27 6 9 Point_3624
-65 -17 8 16 Point_3625
69 -6 2 15 Point_3626
-64 -25 19 22 Point_3627
80 -54 4 15 Point_3628
-64 72 5 20 Point_3629
-75 -15 19 22 Point_3630
-71 2 1 1 Point_3631
62 71 6 20 Point_3632
18 30 11 23 Point_3633
35 -75 23 12 Point_3634
5 -95 12 2 Point_3635
-39 59 23 10 Point_3636
-51 23 9 8 Point_3637
89 43 15 12 Point_3638
-19 91 14 11 Point_3639
54 94 12 9 Point_3640
86 8 13 8 Point_3641
-33 27 24 4 Point_3642
11 89 14 16 Point_3643
-99 -11 17 24 Point_3644
37 -98 22 4 Point_3645
-8 98 25 22 Point_3646
-96 32 9 17 Point_3647
76 36 11 16 Point_3648
-96 63 11 18 Point_3649
-99 -9 24 16 Point_3650
15 7 3 15 Point_3651
2 -25 24 23 Point_3652
-28 -53 17 21 Point_3653
40 -76 9 12 Point_3654
-16 47 23 2 Point_3655
-62 -76 7 22 Point_3656
88 100 13 22 Point_3657
-67 -50 21 7 Point_3658
28 23 4 20 Point_3659
17 15 5 6 Point_3660
74 84 5 7 Point_3661
-52 44 5 15 Point_3662
-78 -84 11 21 Point_3663
86 -68 24 1 Point_3664
-97 -6 2 25 Point_3665
46 28 2 13 Point_3666
14 57 17 13 Point_3667
-24 83 16 12 Point_3668
34 -46 9 6 Point_3669
68 -37 2 11 Point_3670
-5 -39 17 6 Point_3671
81 48 4 7 Point_3672
83 -15 13 12 Point_3673
90 -66 7 10 Point_3674
-42 26 16 5 Point_3675
-63 -15 10 18 Point_3676
9 53 3 7 Point_3677
79 -11 17 19 Point_3678
2 -4 22 25 Point_3679
-8 -82 5 15 Point_3680
-44 -90 19 22 Point_3681
73 76 24 16 Point_3682
46 21 7 14 Point_3683
-34 -87 16 13 Point_3684
53 67 7 24 Point_3685
18 28 17 9 Point_3686
8 -71 21 2 Point_3687
-93 -52 24 3 Point_3688
-86 -23 12 6 Point_3689
-67 -50 15 22 Point_3690
45 29 7 13 Point_3691
-42 22 8 5 Point_3692
77 -37 25 3 Point_3693
-12 0 6 18 Point_3694
61 57 10 16 Point_3695
55 65 20 7 Point_3696
68 63 9 22 Point_3697
26 -30 2 24 Point_3698
20 13 1 17 Point_3699
16 -24 3 25 Point_3700
65 55 3 22 Point_3701
1 32 20 19 Point_3702
-31 -24 18 11 Point_3703
-8 -51 5 18 Point_3704
35 65 11 6 Point_3705
10 63 6 6 Point_3706
-43 -48 6 11 Point_3707
-18 -99 20 20 Point_3708
-4 -94 5 18 Point_3709
46 -89 2 22 Point_3710
76 -28 18 10 Point_3711
-49 -64 11 7 Point_3712
26 67 3 1 Point_3713
4 57 4 20 Point_3714
96 87 11 7 Point_3715
-87 -81 5 20 Point_3716
-84 79 16 18 Point_3717
17 9 12 1 Point_3718
-85 67 8 13 Point_3719
11 76 8 18 Point_3720
11 77 11 24 Point_3721
86 -82 9 17 Point_3722
-88 -100 14 25 Point_3723
95 75 15 14 Point_3724
34 -94 19 14 Point_3725
-88 56 13 11 Point_3726
-3 -19 12 24 Point_3727
-36 -23 20 7 Point_3728
-6 -16 14 9 Point_3729
-94 31 23 3 Point_3730
88 100 10 22 Point_3731
-29 1 8 8 Point_3732
-43 92 15 17 Point_3733
-72 56 1 9 Point_3734
88 -23 22 21 Point_3735
7 -100 2 8 Point_3736
46 -52 11 12 Point_3737
79 29 24 17 Point_3738
-36 93 23 17 Point_3739
-52 93 11 20 Point_3740
-46 -97 9 22 Point_3741
19 -54 23 12 Point_3742
-82 -90 12 21 Point_3743
60 49 14 10 Point_3744
29 -98 2 24 Point_3745
90 29 14 19 Point_3746
64 -56 4 22 Point_3747
75 -21 19 2 Point_3748
-65 -100 21 25 Point_3749
-85 -46 12 23 Point_3750
-71 80 3 9 Point_3751
76 14 14 15 Point_3752
8 61 11 13 Point_3753
-52 -98 21 4 Point_3754
1 -94 7 3 Point_3755
-26 93 4 9 Point_3756
9 -60 3 6 Point_3757
-10 40 16 23 Point_3758
-36 -33 19 22 Point_3759
-97 17 11 6 Point_3760
-49 45 21 10 Point_3761
46 -21 25 21 Point_3762
-47 -66 12 22 Point_3763
54 -89 3 22 Point_3764
-61 31 21 7 Point_3765
50 -52 21 19 Point_3766
64 -35 5 24 Point_3767
-31 39 16 13 Point_3768
-61 28 10 11 Point_3769
73 -42 21 7 Point_3770
-51 24 4 10 Point_3771
68 -34 12 13 Point_3772
43 48 3 19 Point_3773
-74 24 25 6 Point_3774
-57 -95 2 7 Point_3775
-56 -64 12 15 Point_3776
-90 -30 15 12 Point_3777
21 34 24 11 Point_3778
57 87 6 14 Point_3779
74 85 13 1 Point_3780
-54 3 7 10 Point_3781
36 16 14 19 Point_3782
28 -66 19 13 Point_3783
-96 -60 6 16 Point_3784
69 23 8 11 Point_3785
89 -65 17 14 Point_3786
-44 95 14 16 Point_3787
71 97 15 23 Point_3788
-28 -30 16 8 Point_3789
-49 13 21 1 Point_3790
-63 -23 7 18 Point_3791
54 -33 8 8 Point_3792
-54 -19 1 14 Point_3793
86 -42 8 19 Point_3794
30 -29 18 2 Point_3795
8 23 19 4 Point_3796
10 55 9 17 Point_3797
26 11 14 17 Point_3798
92 -48 15 7 Point_3799
-25 62 15 21 Point_3800
-37 -12 11 1 Point_3801
1 -54 19 14 Point_3802
-19 0 15 14 Point_3803
-29 18 13 14 Point_3804
-73 94 25 25 Point_3805
74 -41 20 10 Point_3806
-84 39 14 14 Point_3807
93 71 22 4 Point_3808
18 -44 19 25 Point_3809
-43 -80 23 8 Point_3810
3 78 18 10 Point_3811
-77 -38 18 16 Point_3812
-77 40 1 20 Point_3813
-33 -56 18 13 Point_3814
48 49 22 20 Point_3815
17 -58 19 11 Point_3816
-76 -68 18 6 Point_3817
-23 -88 21 20 Point_3818
-98 -67 15 11 Point_3819
-25 38 16 13 Point_3820
15 -71 6 23 Point_3821
100 25 18 25 Point_3822
9 5 1 22 Point_3823
-30 -89 9 6 Point_3824
-72 85 25 1 Point_3825
3 -45 11 17 Point_3826
7 33 24 25 Point_3827
100 -10 7 19 Point_3828
2 -82 18 11 Point_3829
-7 90 4 2 Point_3830
-75 32 12 4 Point_3831
-76 10 5 7 Point_3832
-10 -74 12 8 Point_3833
-54 -65 23 11 Point_3834
-55 87 6 3 Point_3835
95 74 17 22 Point_3836
-23 74 23 7 Point_3837
88 -83 15 2 Point_3838
-86 -81 2 15 Point_3839
-76 68 15 11 Point_3840
-54 -73 18 17 Point_3841
75 -76 16 4 Point_3842
70 26 7 23 Point_3843
94 58 18 15 Point_3844
-88 31 23 18 Point_3845
54 -5 17 17 Point_3846
-87 67 20 10 Point_3847
-10 41 16 25 Point_3848
29 -45 20 9 Point_3849
-85 -39 1 6 Point_3850
40 35 22 14 Point_3851
-96 39 15 23 Point_3852
73 -21 13 5 Point_3853
21 58 10 13 Point_3854
-65 3 4 3 Point_3855
-62 9 13 4 Point_3856
32 12 24 18 Point_3857
-60 32 16 6 Point_3858
-11 -97 4 13 Point_3859
75 53 2 16 Point_3860
15 4 2 4 Point_3861
-94 74 16 24 Point_3862
46 -49 6 11 Point_3863
29 -79 25 22 Point_3864
-44 -13 18 24 Point_3865
75 -95 10 15 Point_3866
-45 98 20 12 Point_3867
15 53 11 5 Point_3868
41 -6 10 6 Point_3869
-4 68 5 12 Point_3870
64 -17 17 18 Point_3871
74 -76 8 23 Point_3872
-76 -86 17 20 Point_3873
81 -59 20 24 Point_3874
-95 -24 5 8 Point_3875
18 61 12 21 Point_3876
-77 -9 3 4 Point_3877
-69 10 18 22 Point_3878
-80 77 3 21 Point_3879
-85 -90 20 18 Point_3880
-100 -63 21 22 Point_3881
71 -7 12 23 Point_3882
-21 -71 4 14 Point_3883
66 -53 20 20 Point_3884
98 -70 22 22 Point_3885
-18 40 16 19 Point_3886
60 82 5 7 Point_3887
-8 38 15 3 Point_3888
-51 72 1 4 Point_3889
69 85 25 20 Point_3890
83 61 21 12 Point_3891
49 -16 3 25 Point_3892
-14 -22 17 24 Point_3893
26 24 1 1 Point_3894
24 -77 17 3 Point_3895
-81 -90 20 20 Point_3896
71 -96 15 11 Point_3897
-91 51 18 3 Point_3898
51 -63 19 15 Point_3899
53 67 21 4 Point_3900
49 -52 11 11 Point_3901
-25 17 22 9 Point_3902
94 96 14 23 Point_3903
67 28 16 25 Point_3904
1 99 5 11 Point_3905
44 -37 5 23 Point_3906
90 -11 7 10 Point_3907
77 30 8 25 Point_3908
-16 -9 1 3 Point_3909
9 50 2 18 Point_3910
-51 87 16 16 Point_3911
-93 -22 2 16 Point_3912
52 -64 18 20 Point_3913
58 -22 10 24 Point_3914
-45 11 13 2 Point_3915
-15 63 3 17 Point_3916
-98 -23 12 12 Point_3917
27 93 20 4 Point_3918
-71 -58 5 17 Point_3919
-29 16 8 21 Point_3920
81 -60 3 22 Point_3921
30 -24 12 3 Point_3922
-19 93 23 12 Point_3923
90 76 11 17 Point_3924
-27 10 24 15 Point_3925
-94 80 8 23 Point_3926
-14 75 12 2 Point_3927
-78 70 1 20 Point_3928
11 -24 21 16 Point_3929
-73 -49 10 25 Point_3930
78 9 23 17 Point_3931
85 -64 8 14 Point_3932
95 71 7 7 Point_3933
-12 -16 17 6 Point_3934
-29 44 4 17 Point_3935
-9 -72 11 16 Point_3936
44 -44 6 25 Point_3937
-100 65 25 13 Point_3938
-70 -79 5 20 Point_3939
-49 -66 16 8 Point_3940
64 -87 6 4 Point_3941
33 62 23 20 Point_3942
6 55 16 13 Point_3943
89 71 20 14 Point_3944
-15 -94 21 13 Point_3945
-52 -100 9 24 Point_3946
1 23 15 6 Point_3947
-63 -77 21 11 Point_3948
-83 69 23 8 Point_3949
42 29 9 23 Point_3950
-16 -88 19 21 Point_3951
95 -7 11 21 Point_3952
-77 55 8 24 Point_3953
-7 -32 14 16 Point_3954
70 -55 5 8 Point_3955
-86 90 4 2 Point_3956
76 38 4 21 Point_3957
-22 71 9 11 Point_3958
76 45 10 17 Point_3959
-10 -92 19 12 Point_3960
21 13 5 13 Point_3961
53 30 7 14 Point_3962
-52 56 24 13 Point_3963
74 -70 4 21 Point_3964
-33 18 2 1 Point_3965
-65 48 18 11 Point_3966
-69 -37 9 21 Point_3967
-83 -29 17 23 Point_3968
-31 -88 20 19 Point_3969
-30 -88 7 20 Point_3970
-16 21 15 15 Point_3971
-82 -62 20 22 Point_3972
49 40 8 7 Point_3973
18 -40 1 13 Point_3974
-28 3 4 1 Point_3975
-100 -97 18 6 Point_3976
-51 42 2 4 Point_3977
-17 9 24 8 Point_3978
-51 -57 24 13 Point_3979
64 25 13 22 Point_3980
-30 39 25 17 Point_3981
-5 -5 25 14 Point_3982
-79 100 9 4 Point_3983
-41 -84 14 9 Point_3984
13 67 4 18 Point_3985
-44 83 17 7 Point_3986
37 -68 9 5 Point_3987
93 -93 2 16 Point_3988
71 2 18 2 Point_3989
44 93 6 17 Point_3990
-6 -62 2 15 Point_3991
52 23 2 10 Point_3992
-13 60 9 10 Point_3993
37 68 9 4 Point_3994
64 -30 14 17 Point_3995
9 95 2 12 Point_3996
-27 -68 22 15 Point_3997
-80 -62 20 20 Point_3998
-62 -11 4 9 Point_3999
-61 -14 18 23 Point_4000
34 -54 19 24 Point_4001
50 -54 20 23 Point_4002
34 59 23 22 Point_4003
-44 -54 6 8 Point_4004
43 1 16 5 Point_4005
-94 -35 7 5 Point_4006
40 1 12 2 Point_4007
6 -95 21 11 Point_4008
-86 -53 6 12 Point_4009
0 23 8 10 Point_4010
90 -51 11 15 Point_4011
16 -58 16 25 Point_4012
-18 51 14 16 Point_4013
-13 86 6 9 Point_4014
30 -28 4 24 Point_4015
34 -40 23 7 Point_4016
29 69 14 9 Point_4017
-47 -18 21 22 Point_4018
-16 -4 2 22 Point_4019
-65 -73 10 19 Point_4020
55 -72 23 4 Point_4021
-64 -96 16 23 Point_4022
50 -32 10 9 Point_4023
-31 -64 18 12 Point_4024
-25 99 19 3 Point_4025
-64 -82 10 8 Point_4026
-11 -73 19 11 Point_4027
84 -24 14 18 Point_4028
-46 -11 7 24 Point_4029
-10 -70 17 18 Point_4030
-89 -18 8 22 Point_4031
96 94 19 5 Point_4032
69 -25 8 1 Point_4033
82 -2 22 4 Point_4034
59 94 5 17 Point_4035
59 -51 20 9 Point_4036
15 20 14 22 Point_4037
88 76 19 12 Point_4038
-72 22 16 4 Point_4039
