404
8 -5 23 10 Point_0
88 25 8 20 Point_1
-71 -65 24 21 Point_2
-80 -85 20 4 Point_3
59 51 2 13 Point_4
-34 47 3 5 Point_5
-93 2 15 5 Point_6
62 55 4 2 Point_7
53 -7 5 4 Point_8
-26 33 20 4 Point_9
98 -43 3 23 Point_10
39 67 20 10 Point_11
-18 32 6 25 Point_12
-29 -80 8 18 Point_13
6 -35 19 21 Point_14
-32 -71 10 14 Point_15
-34 9 20 15 Point_16
-90 -51 13 19 Point_17
-87 26 15 14 Point_18
56 92 25 13 Point_19
-83 87 1 7 Point_20
-88 -78 24 3 Point_21
-90 13 8 6 Point_22
-54 62 9 13 Point_23
27 -34 7 21 Point_24
-7 52 5 1 Point_25
49 97 19 5 Point_26
-80 26 20 15 Point_27
94 -19 19 9 Point_28
89 -90 6 1 Point_29
66 26 12 7 Point_30
94 66 11 3 Point_31
17 -95 2 6 Point_32
-76 91 5 5 Point_33
25 66 9 23 Point_34
-43 16 22 15 Point_35
-5 96 3 12 Point_36
-1 0 24 8 Point_37
35 -86 9 14 Point_38
-88 78 9 4 Point_39
-32 73 10 20 Point_40
-70 47 11 13 Point_41
36 72 5 15 Point_42
6 4 1 4 Point_43
22 -53 18 17 Point_44
25 3 21 23 Point_45
41 87 8 13 Point_46
-2 80 19 25 Point_47
54 -86 25 10 Point_48
-3 13 25 11 Point_49
14 -50 17 12 Point_50
57 89 6 22 Point_51
10 -41 18 22 Point_52
49 -76 3 23 Point_53
70 21 21 14 Point_54
-52 41 13 25 Point_55
0 -63 6 2 Point_56
-54 24 9 8 Point_57
-34 -75 18 13 Point_58
-65 -4 2 14 Point_59
-23 -44 20 5 Point_60
-28 -5 8 12 Point_61
28 -45 16 18 Point_62
34 -90 3 2 Point_63
-57 -56 20 19 Point_64
-59 100 9 17 Point_65
-54 37 24 11 Point_66
32 -92 13 12 Point_67
36 16 19 17 Point_68
41 18 22 1 Point_69
-23 -48 4 24 Point_70
20 12 11 16 Point_71
-16 20 12 7 Point_72
-74 65 18 13 Point_73
15 -90 7 16 Point_74
-53 -65 15 19 Point_75
-31 44 8 13 Point_76
-15 27 11 22 Point_77
57 52 15 11 Point_78
21 -7 17 25 Point_79
54 39 15 20 Point_80
63 -8 18 11 Point_81
81 -70 10 2 Point_82
27 42 23 17 Point_83
-63 -40 11 1 Point_84
97 -54 20 4 Point_85
13 30 8 24 Point_86
-60 -96 5 18 Point_87
92 23 15 4 Point_88
50 -62 10 6 Point_89
66 58 5 20 Point_90
-21 -4 13 2 Point_91
62 46 9 1 Point_92
-98 -61 14 1 Point_93
-52 -15 10 19 Point_94
51 55 24 16 Point_95
-94 -35 14 18 Point_96
98 23 3 13 Point_97
47 92 6 3 Point_98
90 -73 18 13 Point_99
93 -93 8 18 Point_100
51 11 23 13 Point_101
4 77 3 11 Point_102
96 4 16 9 Point_103
71 77 17 9 Point_104
75 -24 8 25 Point_105
94 28 7 12 Point_106
58 95 9 7 Point_107
84 -4 6 24 Point_108
78 58 18 1 Point_109
-94 34 9 16 Point_110
-73 -12 13 1 Point_111
-41 -20 9 16 Point_112
-48 -23 1 2 Point_113
12 17 16 15 Point_114
-7 76 10 2 Point_115
10 -53 15 10 Point_116
35 33 5 6 Point_117
-16 99 14 20 Point_118
-30 70 13 15 Point_119
-85 1 3 4 Point_120
54 16 3 5 Point_121
-63 -49 11 24 Point_122
16 -40 5 16 Point_123
-9 -11 13 24 Point_124
-64 72 6 24 Point_125
56 54 7 25 Point_126
-94 -1 9 18 Point_127
91 -40 16 23 Point_128
-25 49 4 13 Point_129
-99 71 18 8 Point_130
35 90 14 21 Point_131
-69 -68 12 1 Point_132
-91 97 17 3 Point_133
-29 -17 18 25 Point_134
31 -45 14 7 Point_135
-34 -11 10 1 Point_136
29 -80 3 20 Point_137
21 74 1 8 Point_138
-72 57 1 12 Point_139
72 -83 7 4 Point_140
53 52 8 22 Point_141
-10 -23 2 19 Point_142
13 9 12 13 Point_143
62 -13 1 25 Point_144
-27 -17 7 7 Point_145
-54 39 6 24 Point_146
42 -34 16 25 Point_147
82 20 8 16 Point_148
-45 -91 16 6 Point_149
25 52 9 25 Point_150
39 64 5 4 Point_151
-47 63 22 25 Point_152
-26 -56 7 5 Point_153
-32 -53 13 21 Point_154
-62 -79 18 24 Point_155
-87 -37 12 7 Point_156
-78 -98 9 13 Point_157
-63 -36 4 18 Point_158
-45 90 6 18 Point_159
-27 0 17 8 Point_160
72 -39 6 1 Point_161
63 -47 11 3 Point_162
-37 -50 13 25 Point_163
92 77 10 23 Point_164
27 -62 8 9 Point_165
98 20 16 14 Point_166
-57 -78 14 11 Point_167
-83 80 19 16 Point_168
46 -55 23 15 Point_169
-94 87 19 15 Point_170
-15 -40 16 21 Point_171
-23 -45 7 11 Point_172
41 -82 25 19 Point_173
-57 -45 3 4 Point_174
-24 -57 11 23 Point_175
26 23 22 21 Point_176
-72 0 16 1 Point_177
-77 20 24 22 Point_178
-59 99 1 17 Point_179
-7 -8 7 21 Point_180
88 -67 13 17 Point_181
-3 -42 16 12 Point_182
89 -24 5 18 Point_183
-100 47 12 15 Point_184
-74 90 16 13 Point_185
98 6 12 16 Point_186
21 34 23 15 Point_187
-82 86 8 15 Point_188
-94 27 2 17 Point_189
23 -86 5 25 Point_190
55 9 17 16 Point_191
66 54 11 7 Point_192
86 77 15 13 Point_193
27 53 15 23 Point_194
60 -75 19 6 Point_195
15 16 17 25 Point_196
-51 19 7 6 Point_197
-19 -71 25 15 Point_198
4 -19 19 22 Point_199
4 -33 4 10 Point_200
-30 -10 12 16 Point_201
-85 -17 21 12 Point_202
-58 -15 12 5 Point_203
25 -16 19 14 Point_204
31 -89 3 5 Point_205
74 -49 20 8 Point_206
79 95 19 15 Point_207
-93 -23 2 5 Point_208
23 43 8 20 Point_209
42 53 10 15 Point_210
40 68 16 18 Point_211
-23 -85 7 4 Point_212
-22 -26 12 19 Point_213
57 87 17 21 Point_214
-53 -28 21 5 Point_215
-85 44 10 16 Point_216
37 2 1 12 Point_217
-98 83 7 25 Point_218
-24 -36 5 3 Point_219
-73 0 2 5 Point_220
-58 -65 22 13 Point_221
24 63 10 11 Point_222
-75 22 25 22 Point_223
88 53 18 6 Point_224
-66 40 1 23 Point_225
76 30 5 22 Point_226
-3 61 5 12 Point_227
-32 7 14 5 Point_228
-61 -66 22 17 Point_229
-73 23 18 7 Point_230
10 62 17 6 Point_231
-50 -39 23 14 Point_232
-46 6 8 23 Point_233
-66 -98 12 6 Point_234
-4 -93 22 20 Point_235
-9 28 1 19 Point_236
21 25 18 12 Point_237
-95 -19 17 3 Point_238
50 84 13 18 Point_239
-23 21 5 19 Point_240
64 -2 4 21 Point_241
-36 -44 25 16 Point_242
-25 95 8 9 Point_243
-31 62 23 12 Point_244
-52 75 1 21 Point_245
25 9 15 20 Point_246
32 -65 13 9 Point_247
99 -64 24 4 Point_248
71 -43 4 23 Point_249
3 64 17 19 Point_250
-36 -34 19 7 Point_251
6 -40 4 19 Point_252
-7 15 22 11 Point_253
20 5 19 12 Point_254
72 91 1 23 Point_255
-78 -98 7 16 Point_256
16 37 11 3 Point_257
69 12 24 12 Point_258
81 36 17 12 Point_259
-78 -78 12 23 Point_260
20 -15 5 12 Point_261
4 88 11 24 Point_262
47 -92 11 10 Point_263
-88 -20 1 23 Point_264
38 56 21 10 Point_265
17 65 13 22 Point_266
-21 -56 22 24 Point_267
-10 -99 8 7 Point_268
-27 -19 11 20 Point_269
18 95 13 4 Point_270
44 57 19 10 Point_271
-32 -56 16 3 Point_272
-18 35 22 6 Point_273
-91 -95 12 14 Point_274
5 87 12 8 Point_275
67 -20 15 15 Point_276
46 -16 4 20 Point_277
-37 9 8 12 Point_278
-78 70 18 22 Point_279
94 77 23 4 Point_280
-83 76 25 6 Point_281
-49 -81 12 20 Point_282
-62 65 1 11 Point_283
90 51 13 13 Point_284
-64 36 19 1 Point_285
64 38 7 4 Point_286
37 -38 10 19 Point_287
58 24 22 12 Point_288
-59 -96 15 18 Point_289
50 16 2 3 Point_290
94 5 7 22 Point_291
30 22 17 25 Point_292
92 29 8 18 Point_293
72 -59 24 12 Point_294
37 87 5 15 Point_295
-18 8 3 18 Point_296
-61 -61 23 24 Point_297
86 28 20 5 Point_298
96 -90 20 13 Point_299
-1 -49 20 6 Point_300
-31 51 1 10 Point_301
-10 -82 8 18 Point_302
52 72 8 21 Point_303
-19 -94 15 14 Point_304
7 -16 19 12 Point_305
-27 -77 15 18 Point_306
-11 -5 19 19 Point_307
-54 -22 15 12 Point_308
-13 -83 18 18 Point_309
-47 97 4 17 Point_310
69 46 19 17 Point_311
7 45 9 12 Point_312
23 -57 7 4 Point_313
-91 -33 11 6 Point_314
-82 -70 15 23 Point_315
-98 93 17 16 Point_316
49 35 25 12 Point_317
-37 37 6 18 Point_318
85 -11 17 1 Point_319
35 -19 9 25 Point_320
100 44 20 10 Point_321
55 -28 12 17 Point_322
88 77 23 13 Point_323
52 67 22 22 Point_324
49 19 16 11 Point_325
-47 -2 8 6 Point_326
93 -28 8 15 Point_327
64 4 9 8 Point_328
52 96 24 6 Point_329
75 -22 11 8 Point_330
30 -90 16 22 Point_331
6 -47 11 20 Point_332
46 23 23 19 Point_333
-12 -80 3 1 Point_334
-14 -99 3 21 Point_335
2 63 15 20 Point_336
-98 84 15 4 Point_337
7 -19 4 4 Point_338
-1 -78 20 5 Point_339
-33 56 23 3 Point_340
61 84 10 9 Point_341
-75 68 23 25 Point_342
86 50 9 5 Point_343
-37 -57 23 18 Point_344
-74 18 21 13 Point_345
-55 -33 24 1 Point_346
-92 -63 8 11 Point_347
-18 -29 18 24 Point_348
-46 -9 2 12 Point_349
59 57 22 5 Point_350
-93 8 19 3 Point_351
64 -62 3 4 Point_352
-88 -75 13 13 Point_353
53 -71 9 11 Point_354
14 -25 13 6 Point_355
-87 17 1 13 Point_356
-24 -40 14 7 Point_357
-40 -29 8 19 Point_358
90 14 12 8 Point_359
-66 -53 23 11 Point_360
50 -44 5 2 Point_361
82 9 9 7 Point_362
28 8 5 14 Point_363
-49 33 25 6 Point_364
-54 -33 25 18 Point_365
-3 -27 17 10 Point_366
58 82 6 3 Point_367
-42 88 11 3 Point_368
-59 24 8 1 Point_369
-56 -58 3 3 Point_370
88 -76 22 8 Point_371
-5 -27 24 18 Point_372
-47 38 19 1 Point_373
-13 11 20 19 Point_374
53 31 24 10 Point_375
-54 -13 1 24 Point_376
-38 99 21 24 Point_377
78 14 10 1 Point_378
-16 3 6 5 Point_379
57 45 18 1 Point_380
-97 85 13 5 Point_381
-71 99 24 18 Point_382
90 -47 9 8 Point_383
62 66 22 20 Point_384
-26 -81 4 15 Point_385
-93 21 6 8 Point_386
96 76 20 20 Point_387
-6 59 16 13 Point_388
50 -96 6 19 Point_389
11 11 8 2 Point_390
98 96 3 17 Point_391
89 -48 20 18 Point_392
21 20 9 1 Point_393
37 -1 15 20 Point_394
-74 13 4 16 Point_395
14 -75 14 19 Point_396
-32 -90 7 2 Point_397
94 -66 1 5 Point_398
28 -97 14 15 Point_399
86 -82 13 5 Point_400
75 36 16 13 Point_401
11 95 9 20 Point_402
57 56 24 18 Point_403
